4074624000000.000000
4309632000000.000000
3138048000000.000000
2287872000000.000000
2481408000000.000000
2341440000000.000000
2365632000000.000000
2384640000000.000000
2341440000000.000000
2325888000000.000000
2260224000000.000000
2306880000000.000000
2315520000000.000000
2377728000000.000000
2381184000000.000000
2329344000000.000000
2253312000000.000000
2317248000000.000000
2363904000000.000000
2372544000000.000000
2370816000000.000000
2327616000000.000000
2367360000000.000000
2305152000000.000000
2317248000000.000000
2305152000000.000000
2310336000000.000000
2310336000000.000000
2362176000000.000000
2334528000000.000000
2284416000000.000000
2274048000000.000000
2310336000000.000000
2299968000000.000000
2363904000000.000000
2344896000000.000000
2334528000000.000000
2275776000000.000000
2320704000000.000000
2312064000000.000000
2268864000000.000000
2310336000000.000000
2282688000000.000000
2341440000000.000000
2296512000000.000000
2308608000000.000000
2291328000000.000000
2222208000000.000000
2287872000000.000000
2294784000000.000000
2293056000000.000000
2334528000000.000000
2287872000000.000000
2258496000000.000000
2363904000000.000000
2270592000000.000000
2289600000000.000000
2337984000000.000000
2415744000000.000000
2299968000000.000000
2308608000000.000000
2284416000000.000000
2355264000000.000000
2298240000000.000000
2251584000000.000000
2291328000000.000000
2286144000000.000000
2282688000000.000000
2305152000000.000000
2246400000000.000000
2275776000000.000000
2280960000000.000000
2256768000000.000000
2282688000000.000000
2261952000000.000000
2260224000000.000000
2260224000000.000000
2282688000000.000000
2274048000000.000000
2277504000000.000000
2291328000000.000000
2227392000000.000000
2260224000000.000000
2351808000000.000000
2293056000000.000000
2303424000000.000000
2317248000000.000000
2203200000000.000000
2286144000000.000000
2306880000000.000000
2261952000000.000000
2258496000000.000000
2267136000000.000000
2191104000000.000000
2234304000000.000000
2320704000000.000000
2287872000000.000000
2256768000000.000000
2282688000000.000000
2149632000000.000000
2225664000000.000000
2279232000000.000000
2274048000000.000000
2185920000000.000000
2306880000000.000000
2236032000000.000000
2287872000000.000000
2317248000000.000000
2274048000000.000000
2313792000000.000000
2272320000000.000000
2296512000000.000000
2223936000000.000000
