40924224000000.000000
44162496000000.000000
40203648000000.000000
43303680000000.000000
42757632000000.000000
41815872000000.000000
43320960000000.000000
43761600000000.000000
42733440000000.000000
40519872000000.000000
40827456000000.000000
40514688000000.000000
40862016000000.000000
40445568000000.000000
41492736000000.000000
40547520000000.000000
41335488000000.000000
42068160000000.000000
40728960000000.000000
41480640000000.000000
42242688000000.000000
42819840000000.000000
41480640000000.000000
42202944000000.000000
39699072000000.000000
40094784000000.000000
42081984000000.000000
40091328000000.000000
40267584000000.000000
40067136000000.000000
39764736000000.000000
40398912000000.000000
39576384000000.000000
40735872000000.000000
42450048000000.000000
42612480000000.000000
40944960000000.000000
39569472000000.000000
41976576000000.000000
40946688000000.000000
42558912000000.000000
41484096000000.000000
41470272000000.000000
39386304000000.000000
39925440000000.000000
40125888000000.000000
40958784000000.000000
41857344000000.000000
40829184000000.000000
41931648000000.000000
42196032000000.000000
44390592000000.000000
41940288000000.000000
41836608000000.000000
41917824000000.000000
42009408000000.000000
42113088000000.000000
42018048000000.000000
42301440000000.000000
39470976000000.000000
39802752000000.000000
40989888000000.000000
40281408000000.000000
40165632000000.000000
