14230277, 14221752, 14231641, 14202253, 14214715, 14224697, 14195464, 14281427, 14215614
14202439, 14219582, 14218063, 14209104, 14225844, 14217505, 14185389, 14232664, 14228076
14202749, 14198812, 14229688, 14229905, 14207151, 14199215, 14216110, 14254302, 14212545
14207709, 14208949, 14216327, 14254271, 14255263, 14224666, 14229378, 14244444, 14231703
14213723, 14211212, 14226495, 14230091, 14220357, 14219830, 14212142, 14252008, 14205756
14220140, 14194038, 14227363, 14244878, 14225410, 14232819, 14232602, 14254178, 14217195
14228727, 14191496, 14212359, 14211491, 14233315, 14205539, 14219148, 14261184, 14209600
14212297, 14204950, 14201292, 14231579, 14224852, 14246521, 14269058, 14247916, 14246676
14229905, 14222775, 14210065, 14228293, 14241003, 14208484, 14239267, 14248040, 14203183
14226495, 14189450, 14195464, 14231052, 14243111, 14237872, 14217629, 14253558, 14188737
14220977, 14233253, 14221628, 14252318, 14201695, 14250923, 14213320, 14221659, 14197138
14210902, 14185420, 14226185, 14210499, 14210933, 14214839, 14205911, 14272034, 14214808
14191806, 14171532, 14233935, 14226247, 14214312, 14232850, 14202811, 14245994, 14181948
14218590, 14216420, 14219551, 14217133, 14219923, 14220233, 14239050, 14252039, 14204299
14216017, 14226774, 14206469, 14215397, 14210871, 14215862, 14228603, 14232137, 14221876
14204547, 14206345, 14213630, 14233067, 14216048, 14233222, 14209941, 14244072, 14204020
14201943, 14220171, 14210840, 14219148, 14177236, 14236167, 14234090, 14240321, 14197076
14222899, 14188179, 14220264, 14206810, 14184955, 14214095, 14229037, 14233191, 14210220
14207957, 14189884, 14225596, 14224232, 14225968, 14206841, 14223116, 14236632, 14202067
14215769, 14219923, 14225565, 14229812, 14217660, 14236570, 14200889, 14230525, 14223426
14188861, 14201044, 14205694, 14237035, 14207337, 14236415, 14216792, 14236229, 14195805
14193728, 14208453, 14220295, 14212142, 14241251, 14218652, 14232416, 14236229, 14172276
14211181, 14206438, 14213475, 14224232, 14236353, 14246428, 14240817, 14237686, 14171377
14217629, 14184893, 14196394, 14224449, 14204888, 14204547, 14241530, 14226743, 14217567
14205105, 14208732, 14239825, 14247823, 14220667, 14202191, 14210220, 14243049, 14206035
14212359, 14197882, 14196270, 14225937, 14210282, 14213785, 14225441, 14249187, 14190659
14193790, 14208980, 14222279, 14220822, 14214498, 14219830, 14211708, 14228231, 14211801
14213103, 14207337, 14246831, 14208639, 14209321, 14200827, 14249993, 14249218, 14187590
14205601, 14220760, 14182661, 14208763, 14246831, 14211026, 14245746, 14248195, 14197882
14202997, 14195650, 14200672, 14248319, 14195092, 14232168, 14216296, 14238275, 14192674
14229347, 14194813, 14212948, 14219830, 14216823, 14213351, 14228262, 14255790, 14190287
14195898, 14228324, 14214126, 14232788, 14216017, 14218714, 14209941, 14248598, 14198843
14237872, 14210003, 14209073, 14223829, 14212917, 14251822, 14211646, 14230370, 14207399
14213165, 14218342, 14218404, 14214963, 14199773, 14222403, 14228448, 14234028, 14195960
14192550, 14191682, 14190721, 14225441, 14234493, 14204764, 14233253, 14251171, 14209352
14211274, 14206996, 14214126, 14215552, 14194131, 14214157, 14206345, 14227363, 14199928
14216823, 14201416, 14205229, 14233129, 14208701, 14230773, 14202315, 14239670, 14219179
14185048, 14196146, 14204144, 14221411, 14198781, 14222000, 14237438, 14255170, 14209073
14204764, 14219365, 14189512, 14252783, 14205136, 14198595, 14198688, 14228603, 14219985
14200982, 14210158, 14224542, 14226526, 14200672, 14216389, 14206717, 14258611, 14245870
14196177, 14214095, 14212917, 14201788, 14248815, 14202563, 14196208, 14239918, 14214312
14191527, 14191341, 14195650, 14220202, 14222961, 14213537, 14246087, 14250644, 14220915
14214870, 14202966, 14202284, 14244506, 14226836, 14177112, 14214250, 14264532, 14198378
14195371, 14181576, 14196859, 14222248, 14219427, 14227580, 14211429, 14232323, 14191031
14213134, 14201106, 14216172, 14230525, 14228789, 14237748, 14216606, 14251698, 14190442
14210809, 14198006, 14200145, 14201044, 14198440, 14226898, 14219706, 14233377, 14191093
14200424, 14191403, 14235020, 14240662, 14200765, 14229099, 14206159, 14250675, 14203307
14213630, 14211119, 14218156, 14223147, 14205136, 14199432, 14212545, 14265462, 14211274
14238213, 14178817, 14199804, 14211987, 14199680, 14193201, 14202408, 14248350, 14210778
14231424, 14206624, 14194441, 14207275, 14202191, 14186226, 14205942, 14270391, 14201137
14214839, 14211801, 14215521, 14216203, 14225131, 14248908, 14222713, 14224480, 14219675
14188551, 14199153, 14195185, 14227394, 14221752, 14178755, 14218249, 14241778, 14200858
14236632, 14218094, 14210344, 14216482, 14204237, 14202098, 14210623, 14242026, 14183777
14165921, 14191651, 14214808, 14194348, 14198781, 14182165, 14240693, 14279412, 14183870
14206531, 14198781, 14215056, 14210995, 14199246, 14217722, 14215614, 14250303, 14206159
14213661, 14191744, 14188613, 14241871, 14239732, 14219768, 14209104, 14232850, 14215025
14179747, 14199680, 14212049, 14215521, 14220295, 14218621, 14208391, 14261959, 14179127
14207616, 14191620, 14194720, 14233687, 14216916, 14188210, 14195867, 14206965, 14204640
14225472, 14196797, 14203896, 14245591, 14161333, 14205570, 14199339, 14233284, 14237655
14169951, 14191744, 14221876, 14223178, 14230494, 14191682, 14237562, 14236198, 14185482
14206810, 14182692, 14202935, 14204671, 14241096, 14197355, 14191899, 14251946, 14210003
14213847, 14195278, 14221256, 14252473, 14213289, 14213785, 14203307, 14225565, 14222527
14192767, 14194658, 14210189, 14191341, 14236260, 14205074, 14180088, 14239763, 14186350
14196115, 14214126, 14214777, 14216141, 14185265, 14193108, 14227890, 14233904, 14192519
