2426112000000.000000
2058048000000.000000
1594944000000.000000
1651968000000.000000
1689984000000.000000
1596672000000.000000
1586304000000.000000
1902528000000.000000
1909440000000.000000
1779840000000.000000
1928448000000.000000
1785024000000.000000
1715904000000.000000
1698624000000.000000
1802304000000.000000
1745280000000.000000
1797120000000.000000
1956096000000.000000
2011392000000.000000
1779840000000.000000
1802304000000.000000
1854144000000.000000
1914624000000.000000
1944000000000.000000
1881792000000.000000
1942272000000.000000
1684800000000.000000
1809216000000.000000
1790208000000.000000
1791936000000.000000
2016576000000.000000
2101248000000.000000
1935360000000.000000
1748736000000.000000
1857600000000.000000
1968192000000.000000
2241216000000.000000
1845504000000.000000
1945728000000.000000
1944000000000.000000
1994112000000.000000
2004480000000.000000
2063232000000.000000
2016576000000.000000
1957824000000.000000
1921536000000.000000
1888704000000.000000
2121984000000.000000
1904256000000.000000
1940544000000.000000
1823040000000.000000
1968192000000.000000
1957824000000.000000
1945728000000.000000
1959552000000.000000
1888704000000.000000
1895616000000.000000
1938816000000.000000
1885248000000.000000
1973376000000.000000
1931904000000.000000
1968192000000.000000
1861056000000.000000
1971648000000.000000
2056320000000.000000
1916352000000.000000
2011392000000.000000
2061504000000.000000
1904256000000.000000
