4071168000000.000000
3967488000000.000000
3072384000000.000000
2488320000000.000000
2963520000000.000000
2348352000000.000000
2369088000000.000000
2343168000000.000000
2365632000000.000000
2372544000000.000000
2334528000000.000000
2339712000000.000000
2346624000000.000000
2388096000000.000000
2336256000000.000000
2372544000000.000000
2414016000000.000000
2415744000000.000000
2348352000000.000000
2296512000000.000000
2275776000000.000000
2363904000000.000000
2386368000000.000000
2356992000000.000000
2291328000000.000000
2372544000000.000000
2351808000000.000000
2821824000000.000000
2363904000000.000000
2393280000000.000000
2795904000000.000000
2344896000000.000000
2353536000000.000000
2294784000000.000000
2353536000000.000000
2320704000000.000000
2284416000000.000000
2272320000000.000000
2287872000000.000000
2348352000000.000000
2320704000000.000000
2275776000000.000000
2332800000000.000000
2318976000000.000000
2367360000000.000000
2303424000000.000000
2861568000000.000000
2343168000000.000000
2336256000000.000000
2331072000000.000000
2299968000000.000000
2289600000000.000000
2331072000000.000000
2308608000000.000000
2360448000000.000000
2298240000000.000000
2284416000000.000000
2260224000000.000000
2299968000000.000000
2353536000000.000000
2301696000000.000000
2344896000000.000000
2296512000000.000000
2263680000000.000000
2706048000000.000000
2324160000000.000000
2267136000000.000000
2312064000000.000000
2308608000000.000000
2299968000000.000000
2294784000000.000000
2261952000000.000000
2267136000000.000000
2310336000000.000000
2400192000000.000000
2227392000000.000000
2301696000000.000000
2293056000000.000000
2778624000000.000000
2318976000000.000000
2306880000000.000000
2294784000000.000000
2267136000000.000000
2293056000000.000000
2275776000000.000000
2241216000000.000000
2237760000000.000000
2310336000000.000000
2270592000000.000000
2194560000000.000000
2230848000000.000000
2289600000000.000000
2289600000000.000000
2370816000000.000000
2733696000000.000000
2344896000000.000000
2248128000000.000000
2255040000000.000000
2222208000000.000000
2242944000000.000000
2320704000000.000000
2337984000000.000000
2265408000000.000000
2239488000000.000000
2301696000000.000000
2204928000000.000000
2336256000000.000000
2318976000000.000000
2263680000000.000000
2699136000000.000000
2407104000000.000000
2318976000000.000000
2291328000000.000000
