16403136, 16462670, 16482560, 16431175, 16419859, 16442124, 16490797, 16406938
16378000, 16346664, 16396040, 16367863, 16408813, 16374201, 16387557, 16441494
12101451, 12103139, 12112708, 12101953, 12116646, 12086735, 12097839, 12095499
9572685, 9578184, 9541424, 9579847, 9554464, 9571049, 9581457, 9581301
9448606, 9444899, 9430158, 9440524, 9446823, 9436373, 9441516, 9450068
8270522, 8265088, 8285229, 8243098, 8260991, 8225911, 8251067, 8251202
8286515, 8259588, 8238548, 8251113, 8260122, 8242706, 8240692, 8249914
8269530, 8262715, 8243227, 8237195, 8264194, 8259496, 8243256, 8247026
8231569, 8248476, 8243546, 8249752, 8246301, 8235223, 8246765, 8249839
8219702, 8277525, 8218415, 8279880, 8248710, 8287198, 8250765, 8271522
8258497, 8243668, 8251962, 8268978, 8265802, 8237462, 8281901, 8245399
8243099, 8275862, 8252187, 8288149, 8238083, 8264180, 8233892, 8264088
8282292, 8235777, 8249108, 8257985, 8262333, 8230945, 8281296, 8242709
8252045, 8241080, 8289668, 8250218, 8274677, 8253759, 8256083, 8230765
8287220, 8260192, 8297457, 8279013, 8271879, 8273909, 8272604, 8279941
8241797, 8256426, 8247587, 8274381, 8250230, 8246509, 8240044, 8259170
8230711, 8242437, 8242278, 8252117, 8233447, 8248536, 8243622, 8236681
8256103, 8267993, 8271096, 8279245, 8251521, 8277882, 8276838, 8264484
8237155, 8247974, 8296734, 8241115, 8250597, 8255403, 8277870, 8236984
8249543, 8233894, 8244373, 8229509, 8259775, 8238794, 8244540, 8247092
8274036, 8235250, 8228790, 8300477, 8291043, 8198778, 8224246, 8292122
8261226, 8257411, 8270241, 8249868, 8224646, 8271425, 8284439, 8238499
8220317, 8234324, 8256857, 8260888, 8247925, 8228292, 8230264, 8238587
8264819, 8222954, 8262825, 8257904, 8251975, 8238121, 8261612, 8279538
8274216, 8261006, 8215929, 8250199, 8275225, 8269615, 8216561, 8264380
8230337, 8260671, 8226281, 8248888, 8249360, 8240981, 8248504, 8235591
8290954, 8216267, 8255520, 8233273, 8306901, 8242569, 8263578, 8253392
8260398, 8257607, 8232479, 8265546, 8268931, 8245396, 8237110, 8268050
8241223, 8241412, 8284885, 8250272, 8243856, 8237084, 8289877, 8263252
8248592, 8271294, 8236732, 8265813, 8252690, 8261639, 8244264, 8253730
8291742, 8229342, 8262040, 8229093, 8279875, 8266283, 8255334, 8236031
8234473, 8301833, 8220770, 8283296, 8263464, 8279782, 8201414, 8278579
8263976, 8266052, 8231069, 8247624, 8230826, 8258226, 8223203, 8228228
8240883, 8277897, 8227357, 8286192, 8233262, 8283221, 8233165, 8265292
8283802, 8284234, 8276648, 8280101, 8298326, 8296596, 8277318, 8281277
8236151, 8230351, 8231511, 8223536, 8232149, 8256335, 8254653, 8253203
8248244, 8241603, 8238761, 8238993, 8218751, 8252217, 8231192, 8243720
8234498, 8232903, 8242560, 8238790, 8248592, 8239892, 8244271, 8230960
8259206, 8282087, 8258220, 8267210, 8252159, 8264397, 8224029, 8254189
8249783, 8245339, 8266898, 8243573, 8233792, 8253108, 8265443, 8255694
8233599, 8234324, 8247925, 8249143, 8249230, 8262106, 8259206, 8255320
8305142, 8304330, 8305345, 8306099, 8305780, 8304794, 8305954, 8305461
8258336, 8264194, 8266398, 8266572, 8263846, 8260569, 8247229, 8252913
8229087, 8293963, 8274497, 8236945, 8237898, 8274385, 8260685, 8247059
8245488, 8285277, 8238949, 8270844, 8266697, 8242671, 8259518, 8237836
8265573, 8296622, 8214523, 8242258, 8257034, 8310194, 8207470, 8258322
8259393, 8239313, 8248759, 8289079, 8236016, 8252289, 8245064, 8271578
8265397, 8270980, 8260718, 8238911, 8274821, 8256536, 8241206, 8254471
8254092, 8222332, 8313468, 8231356, 8276159, 8210318, 8302364, 8234457
8254787, 8247054, 8273737, 8253975, 8251582, 8269809, 8256658, 8245393
8229017, 8253887, 8279725, 8260389, 8242292, 8257999, 8261232, 8245311
8244668, 8236866, 8292486, 8262331, 8250592, 8253542, 8273974, 8240199
8245106, 8268018, 8236159, 8250698, 8219482, 8304951, 8259420, 8275091
8243816, 8233014, 8241246, 8241120, 8245208, 8248877, 8227905, 8241017
8291599, 8278143, 8266746, 8263411, 8249520, 8261468, 8270719, 8276664
8259915, 8259591, 8210113, 8246243, 8257149, 8283202, 8242958, 8255128
8261091, 8262135, 8264455, 8259641, 8262976, 8264078, 8261323, 8258365
8283524, 8228943, 8249571, 8295580, 8284047, 8224082, 8267369, 8285960
8276318, 8243318, 8245136, 8276732, 8254434, 8243024, 8248137, 8253571
8248307, 8283913, 8267181, 8226239, 8261577, 8256338, 8218709, 8240052
8244431, 8264011, 8238396, 8284390, 8245085, 8274756, 8224611, 8278327
8281074, 8232451, 8254670, 8260096, 8266097, 8231766, 8242566, 8254924
8240171, 8261480, 8274011, 8245110, 8269025, 8255496, 8255614, 8252943
8241661, 8244967, 8243691, 8236644, 8242125, 8228118, 8231047, 8240414
8265476, 8271192, 8261329, 8259453, 8243290, 8258120, 8233914, 8260575
8250535, 8249926, 8242734, 8246417, 8251202, 8245315, 8248476, 8250419
8260514, 8268667, 8252658, 8234878, 8238005, 8265205, 8243525, 8268195
8251724, 8255697, 8255842, 8259960, 8254276, 8249056, 8269762, 8259235
8248476, 8226813, 8237543, 8241371, 8248128, 8251086, 8282783, 8261613
8253029, 8244010, 8254624, 8253928, 8259844, 8248940, 8241632, 8247461
8234556, 8262309, 8251260, 8223565, 8261178, 8270226, 8238210, 8230554
8258945, 8236424, 8251655, 8251199, 8238207, 8227220, 8243186, 8243181
8227948, 8257902, 8232151, 8275729, 8220056, 8275815, 8257200, 8306912
8277215, 8268689, 8261120, 8257727, 8244909, 8232149, 8275649, 8266543
8261296, 8279324, 8270036, 8234801, 8226386, 8249188, 8272438, 8244116
8217358, 8234736, 8281205, 8295626, 8200469, 8223782, 8295463, 8297917
8248853, 8268597, 8271245, 8260996, 8268719, 8272537, 8265699, 8258205
8266090, 8232709, 8256653, 8228036, 8284947, 8251892, 8271204, 8262330
8262955, 8263804, 8251892, 8262339, 8269161, 8236162, 8237167, 8263795
8221529, 8291982, 8242140, 8260632, 8249359, 8293693, 8219989, 8262479
8264223, 8254153, 8250487, 8232027, 8213144, 8274339, 8265404, 8262259
8272577, 8251897, 8238432, 8213094, 8307672, 8251967, 8277383, 8231150
8226540, 8281174, 8249300, 8266057, 8245027, 8255576, 8271908, 8260293
8291899, 8294351, 8300633, 8300132, 8286938, 8293027, 8295760, 8292025
8284118, 8256840, 8263074, 8253054, 8254988, 8262169, 8225775, 8230380
8266473, 8243237, 8239222, 8231884, 8279381, 8250739, 8260965, 8238438
8231744, 8266613, 8279833, 8222672, 8248305, 8269075, 8293479, 8233954
8252347, 8255159, 8267803, 8257637, 8265419, 8256987, 8283774, 8262446
8281113, 8228146, 8256892, 8247184, 8275297, 8216849, 8285858, 8252939
8305635, 8305606, 8305722, 8305519, 8305693, 8305838, 8305722, 8305519
8248233, 8225737, 8267034, 8264912, 8255774, 8228212, 8266161, 8252953
8250723, 8266916, 8247903, 8246848, 8246363, 8261934, 8248286, 8245742
8278670, 8233962, 8245738, 8249068, 8269931, 8244409, 8267342, 8244845
8259322, 8257450, 8254395, 8239528, 8253881, 8239527, 8282483, 8259226
8238993, 8261033, 8255900, 8273445, 8249143, 8288583, 8269356, 8256190
8248244, 8265963, 8283682, 8266949, 8262251, 8261439, 8280753, 8262918
8245291, 8263223, 8245950, 8269215, 8241079, 8266051, 8245397, 8267275
8302706, 8301981, 8302329, 8300357, 8304069, 8303721, 8305867, 8303054
8249230, 8280521, 8262889, 8265209, 8263063, 8255552, 8251434, 8265441
8318921, 8272946, 8274727, 8282037, 8312849, 8286903, 8274407, 8282053
8259999, 8238009, 8242666, 8267443, 8252851, 8265974, 8241888, 8239556
8233860, 8235890, 8238993, 8236180, 8237369, 8243720, 8242125, 8240182
8272681, 8291878, 8305534, 8285659, 8275733, 8298871, 8302175, 8276398
8311773, 8276112, 8297193, 8297370, 8301507, 8295006, 8289746, 8293361
8253041, 8274329, 8234105, 8247964, 8220275, 8252108, 8245268, 8236945
8224817, 8245869, 8245422, 8250592, 8288207, 8258143, 8270186, 8266759
8278690, 8278937, 8251312, 8248643, 8259197, 8240488, 8254142, 8239559
8253055, 8275240, 8249312, 8236134, 8223599, 8287505, 8259379, 8258150
8272092, 8242610, 8253773, 8267440, 8255884, 8260608, 8257319, 8237504
8254642, 8247732, 8253578, 8262311, 8260008, 8237898, 8250863, 8267749
8234868, 8238424, 8299220, 8249616, 8247712, 8244990, 8272334, 8255203
8264380, 8257023, 8249684, 8268577, 8263383, 8256613, 8237086, 8250488
8298153, 8238616, 8274199, 8265325, 8285625, 8264774, 8233077, 8256538
