451008000000.000000
412992000000.000000
392256000000.000000
390528000000.000000
402624000000.000000
397440000000.000000
440640000000.000000
368064000000.000000
438912000000.000000
380160000000.000000
392256000000.000000
456192000000.000000
393984000000.000000
364608000000.000000
404352000000.000000
409536000000.000000
387072000000.000000
433728000000.000000
437184000000.000000
414720000000.000000
388800000000.000000
421632000000.000000
393984000000.000000
406080000000.000000
426816000000.000000
409536000000.000000
362880000000.000000
426816000000.000000
407808000000.000000
416448000000.000000
387072000000.000000
385344000000.000000
366336000000.000000
404352000000.000000
350784000000.000000
414720000000.000000
430272000000.000000
407808000000.000000
414720000000.000000
464832000000.000000
421632000000.000000
406080000000.000000
387072000000.000000
435456000000.000000
390528000000.000000
400896000000.000000
371520000000.000000
400896000000.000000
381888000000.000000
366336000000.000000
392256000000.000000
393984000000.000000
366336000000.000000
373248000000.000000
376704000000.000000
383616000000.000000
364608000000.000000
430272000000.000000
373248000000.000000
383616000000.000000
381888000000.000000
393984000000.000000
376704000000.000000
383616000000.000000
