1074816000000.000000
1124928000000.000000
1137024000000.000000
1169856000000.000000
1073088000000.000000
1145664000000.000000
1195776000000.000000
1168128000000.000000
1107648000000.000000
1128384000000.000000
1140480000000.000000
1137024000000.000000
1118016000000.000000
1211328000000.000000
1111104000000.000000
1121472000000.000000
1156032000000.000000
1083456000000.000000
1149120000000.000000
1102464000000.000000
1154304000000.000000
1086912000000.000000
1180224000000.000000
1100736000000.000000
1076544000000.000000
1097280000000.000000
1119744000000.000000
1097280000000.000000
1090368000000.000000
1137024000000.000000
1067904000000.000000
1118016000000.000000
1073088000000.000000
1095552000000.000000
1105920000000.000000
1133568000000.000000
1112832000000.000000
1048896000000.000000
1090368000000.000000
1099008000000.000000
1111104000000.000000
1074816000000.000000
1080000000000.000000
1099008000000.000000
1124928000000.000000
1109376000000.000000
1074816000000.000000
1078272000000.000000
1100736000000.000000
1126656000000.000000
1116288000000.000000
1100736000000.000000
1118016000000.000000
1095552000000.000000
1128384000000.000000
1099008000000.000000
1081728000000.000000
1124928000000.000000
1119744000000.000000
1131840000000.000000
1107648000000.000000
1048896000000.000000
1100736000000.000000
1088640000000.000000
1071360000000.000000
1095552000000.000000
1080000000000.000000
1064448000000.000000
1048896000000.000000
1081728000000.000000
1090368000000.000000
1066176000000.000000
1086912000000.000000
1088640000000.000000
1100736000000.000000
1038528000000.000000
1111104000000.000000
1071360000000.000000
1055808000000.000000
1054080000000.000000
1086912000000.000000
1100736000000.000000
1088640000000.000000
1109376000000.000000
1067904000000.000000
1081728000000.000000
1095552000000.000000
1104192000000.000000
946944000000.000000
1052352000000.000000
1107648000000.000000
936576000000.000000
1060992000000.000000
1055808000000.000000
921024000000.000000
962496000000.000000
1123200000000.000000
938304000000.000000
1069632000000.000000
914112000000.000000
938304000000.000000
915840000000.000000
940032000000.000000
934848000000.000000
953856000000.000000
936576000000.000000
952128000000.000000
915840000000.000000
936576000000.000000
922752000000.000000
905472000000.000000
964224000000.000000
924480000000.000000
915840000000.000000
922752000000.000000
915840000000.000000
924480000000.000000
945216000000.000000
969408000000.000000
1066176000000.000000
960768000000.000000
955584000000.000000
934848000000.000000
943488000000.000000
919296000000.000000
945216000000.000000
946944000000.000000
950400000000.000000
946944000000.000000
946944000000.000000
945216000000.000000
933120000000.000000
945216000000.000000
938304000000.000000
1131840000000.000000
924480000000.000000
940032000000.000000
1657152000000.000000
905472000000.000000
1092096000000.000000
1047168000000.000000
1092096000000.000000
1126656000000.000000
1092096000000.000000
946944000000.000000
1038528000000.000000
1124928000000.000000
1083456000000.000000
1045440000000.000000
1071360000000.000000
1071360000000.000000
1104192000000.000000
1024704000000.000000
1064448000000.000000
1099008000000.000000
1043712000000.000000
1866240000000.000000
1102464000000.000000
1081728000000.000000
1076544000000.000000
1114560000000.000000
1045440000000.000000
1107648000000.000000
1102464000000.000000
1696896000000.000000
1093824000000.000000
1081728000000.000000
1753920000000.000000
1074816000000.000000
1088640000000.000000
1081728000000.000000
1643328000000.000000
1073088000000.000000
1076544000000.000000
1209600000000.000000
1088640000000.000000
1080000000000.000000
1055808000000.000000
2505600000000.000000
3003264000000.000000
2970432000000.000000
2827008000000.000000
1254528000000.000000
1852416000000.000000
