1043322, 832726, 935551, 970523, 988176, 864436, 844533, 1007540, 991465, 1022718, 1045942, 924290, 932767, 881605, 889059, 864193, 890617, 905159, 968229, 902783, 830867, 863078, 874288, 976578, 1007646, 929869, 978610, 997200, 980084, 885089, 959771, 925759, 896240, 966194, 969691, 937934, 941668, 857746, 990278, 988512, 861197, 993063, 922122, 854327, 1045889, 896250, 910144, 921146, 909861, 915581, 943286, 1109067, 944397, 875305, 1099203, 917428, 1093547, 877080, 1097522, 1020516, 945459, 910532, 971704, 899382
940713, 928846, 939354, 981237, 914933, 1057570, 990252, 987149, 965754, 957477, 879716, 939961, 1017977, 923740, 956496, 899175, 934479, 935311, 805018, 964102, 896182, 892800, 925756, 925340, 985451, 915705, 909346, 991120, 997815, 902442, 920482, 921266, 913748, 1064650, 963592, 909447, 951899, 917992, 943892, 894620, 943800, 944883, 873687, 949628, 912320, 917939, 880141, 937640, 942033, 1080443, 934480, 955057, 905101, 931447, 994025, 964038, 928724, 926470, 934305, 935694, 999649, 1038872, 869148, 1043244
1048364, 945447, 1022249, 1011161, 889955, 822145, 946749, 905336, 958525, 992012, 901552, 1052354, 904814, 872226, 958108, 892076, 1031983, 887090, 912423, 972996, 933483, 991261, 1037463, 929680, 908006, 912765, 977835, 1051404, 943285, 967047, 904577, 1006597, 949449, 958967, 1018507, 920506, 972917, 861523, 975429, 936190, 893096, 901812, 902106, 900950, 938282, 871627, 1064485, 960307, 927899, 907129, 923319, 1051198, 885419, 956179, 857428, 916263, 978749, 842661, 918464, 919347, 923797, 951594, 950801, 1056495
868912, 969278, 941555, 860285, 900618, 917591, 888461, 997352, 890139, 891265, 900597, 972687, 921047, 886412, 983836, 917024, 893726, 845709, 1019073, 964344, 928743, 993526, 920385, 974676, 887995, 932521, 865564, 919390, 958281, 1042241, 888634, 1042659, 900650, 1016800, 860699, 995399, 953824, 948408, 1030837, 958040, 1007880, 1017012, 1064284, 937627, 1019091, 905214, 970061, 951906, 1014945, 934136, 862819, 972338, 902379, 922880, 952456, 904550, 862884, 1039772, 915866, 1054270, 910032, 945460, 960489, 946714
895700, 858665, 906282, 907987, 938352, 891865, 1118060, 926391, 1052836, 936243, 902809, 915776, 938305, 1030890, 1114603, 823721, 990785, 1006140, 957153, 923045, 1036381, 886518, 868481, 828607, 958412, 948178, 880876, 987675, 980083, 946791, 931631, 872840, 881628, 801455, 949782, 879734, 946792, 949085, 840027, 900621, 858924, 927531, 967991, 888152, 949683, 872228, 934960, 911039, 992056, 933160, 960266, 923453, 908587, 954115, 947224, 881196, 1044196, 962233, 946516, 914611, 905314, 907502, 929947, 921495
931221, 943456, 1062055, 850998, 894286, 900168, 919323, 919497, 924232, 942195, 971225, 925003, 957541, 914716, 991750, 908080, 940117, 949491, 961106, 905639, 889704, 988609, 872889, 903084, 965969, 897946, 1019752, 813549, 985893, 895723, 968613, 1022074, 973875, 975416, 878400, 895198, 871586, 940629, 971160, 954368, 927612, 970459, 909812, 919051, 827009, 912881, 936864, 1052951, 957883, 925316, 844183, 926048, 988308, 936268, 1078773, 987069, 872254, 865349, 1019530, 823652, 886539, 967256, 832799, 992989
970903, 909248, 1002960, 921125, 953191, 942792, 1018057, 959903, 951581, 940830, 985402, 963546, 1099365, 913813, 905730, 933498, 1003047, 1006524, 943302, 879367, 983910, 1244896, 1020977, 948932, 967803, 924956, 939181, 933774, 1017167, 951366, 1035274, 902689, 961403, 963540, 1014228, 981013, 937711, 981872, 941303, 931177, 896881, 952256, 948810, 952411, 903125, 989560, 953682, 944568, 1008057, 868049, 940496, 887294, 870362, 1037962, 886628, 901293, 938132, 982788, 861270, 943231, 1052118, 911153, 1000666, 917004
983333, 1017603, 908564, 926219, 878494, 899115, 1003650, 983261, 1030103, 853046, 1119289, 973093, 961398, 915617, 909612, 937610, 917830, 911078, 896715, 963257, 865692, 995624, 861252, 915397, 917665, 1007442, 1122334, 888534, 957158, 993694, 931782, 975908, 928311, 993574, 989201, 931316, 946582, 947026, 913945, 855732, 917611, 900099, 872264, 924344, 968577, 953136, 967886, 919771, 917801, 930527, 1026839, 958899, 912868, 965339, 950575, 829978, 987410, 937593, 972323, 939792, 913557, 979245, 898995, 992820
902078, 924429, 931096, 990965, 926207, 989429, 987746, 949741, 968788, 982556, 910221, 949656, 962825, 969563, 1000559, 949655, 1056395, 999628, 946898, 925898, 1068422, 909356, 919562, 1012811, 972134, 879954, 986312, 926117, 999492, 914246, 981925, 867581, 944060, 953891, 987744, 950107, 854054, 1010423, 912281, 986537, 1028418, 901410, 919858, 909934, 929569, 835425, 945654, 890398, 886538, 965802, 848910, 914692, 886259, 943530, 901198, 1059006, 927796, 953423, 981863, 903653, 948989, 947279, 900414, 957917
965209, 906658, 936514, 901135, 1022060, 935777, 928099, 941644, 869985, 912553, 927005, 860023, 970528, 924184, 968815, 919053, 986364, 994052, 956517, 970686, 919809, 1110125, 867944, 911437, 928061, 861981, 912530, 866727, 938864, 875628, 951536, 870732, 905062, 988398, 889184, 968753, 1069640, 922731, 900407, 1021874, 929076, 1128848, 955295, 855156, 904169, 888374, 1046536, 901759, 947092, 989095, 886047, 1038429, 925205, 1005104, 947269, 959558, 937313, 984577, 963169, 884201, 890110, 959990, 1012590, 994933
922662, 849697, 919668, 963037, 1036743, 1036320, 899904, 934384, 916557, 1235088, 971156, 992529, 906932, 989477, 931847, 935147, 902333, 901255, 958793, 875315, 964719, 1044219, 994054, 956649, 897551, 967188, 1010135, 994026, 952806, 913415, 1018514, 962194, 806890, 917871, 966099, 927924, 937294, 874105, 851494, 883037, 932516, 928175, 887671, 934881, 918606, 1022577, 918345, 983935, 918528, 912921, 856671, 944952, 970751, 951249, 952136, 929455, 1099017, 975254, 900326, 943951, 970275, 969568, 896482, 908219
895521, 964668, 935554, 938293, 892000, 954722, 1026704, 1007477, 911032, 872686, 979914, 929063, 842735, 951390, 821499, 846465, 982054, 947653, 851764, 996912, 971433, 931387, 925041, 938046, 907389, 1033039, 915845, 952292, 926904, 921131, 896613, 920152, 951183, 935416, 956133, 888209, 879676, 916425, 935962, 883675, 993008, 922544, 897596, 930203, 986141, 909005, 1015438, 894478, 941789, 956003, 945591, 1026481, 975267, 941183, 985086, 909734, 855354, 1027168, 917544, 868742, 841111, 925831, 905194, 934455
998600, 888949, 913012, 994658, 1007761, 847495, 840651, 949246, 940396, 1022033, 956143, 870189, 969015, 899645, 900890, 919908, 1101785, 911583, 951867, 906141, 863134, 908750, 1065318, 1050037, 913028, 931642, 830356, 1017040, 967356, 874993, 932815, 998788, 850203, 924751, 859572, 987025, 901302, 957999, 935117, 973955, 938454, 896880, 938810, 919457, 928655, 938959, 1177130, 913271, 948610, 847184, 878480, 910493, 957914, 944626, 884235, 1011222, 869812, 949889, 904903, 826709, 879780, 909753, 921772, 966104
1033476, 964059, 952380, 946803, 883023, 850532, 937016, 1028277, 884124, 946096, 976704, 904775, 947276, 1073294, 840382, 1024982, 929588, 939976, 952931, 1058106, 1009749, 999211, 1017175, 877362, 1011557, 1104285, 910656, 882137, 961857, 996094, 956298, 921586, 964810, 918356, 897167, 917314, 884177, 906832, 912092, 1035387, 897443, 921216, 883680, 953002, 968757, 967549, 913244, 915207, 848378, 890152, 959723, 872734, 1001687, 922949, 913158, 1073087, 923786, 897116, 942807, 953857, 957912, 924417, 995350, 1013582
905183, 1050904, 1038787, 894226, 919184, 941480, 984105, 921947, 930078, 877226, 922051, 980206, 982005, 882090, 950530, 921272, 1057136, 984635, 910472, 1011001, 979062, 922144, 942296, 995788, 1027111, 1210661, 954136, 896513, 1007526, 890868, 848652, 922790, 915628, 878813, 876434, 961475, 1086427, 957457, 945522, 921682, 961515, 926972, 998878, 833379, 941070, 902815, 863012, 895384, 911318, 952881, 947232, 1052450, 928516, 1018493, 872192, 953179, 926823, 964590, 931290, 954011, 874593, 901570, 906412, 904005
917912, 1065018, 886848, 903560, 966057, 906111, 921360, 941556, 890572, 835974, 848111, 962218, 992902, 932755, 1331250, 951011, 916435, 933369, 901403, 1070884, 995349, 1008155, 905233, 882144, 868168, 932499, 919282, 909952, 910705, 947364, 1025683, 965631, 889839, 999419, 990019, 893632, 979188, 928507, 949089, 964959, 918803, 870629, 1005152, 923037, 859403, 909348, 871349, 952709, 857729, 856726, 963213, 910966, 948053, 888589, 943930, 900390, 879590, 915466, 976622, 925105, 993341, 901040, 1084596, 1022738
1261035, 952697, 906784, 884882, 954924, 899193, 1157503, 883229, 910585, 852751, 876572, 921432, 959354, 1089180, 871317, 958312, 918754, 863321, 1003905, 890056, 921911, 889917, 942719, 898425, 1014725, 921178, 967274, 942068, 825055, 845131, 884603, 927824, 1074766, 889550, 910051, 946335, 961974, 1071700, 879604, 877594, 1000686, 954709, 934858, 852747, 896617, 929324, 942787, 970530, 976582, 944066, 946842, 870034, 876491, 896977, 960563, 889686, 949484, 972421, 863127, 866669, 922934, 920988, 919650, 906245
915247, 1087721, 1021325, 855049, 911461, 960006, 966082, 867585, 844538, 926214, 855145, 1111223, 887192, 897418, 987567, 965371, 967909, 876817, 902225, 930238, 946643, 961326, 945760, 917174, 890115, 993971, 909903, 930942, 891851, 860441, 903727, 1026525, 1075663, 991170, 1183444, 926948, 850077, 880702, 909986, 1049876, 860596, 986539, 998522, 906898, 952583, 979148, 922997, 924127, 919865, 899259, 992003, 1109773, 1034088, 889203, 913645, 1005008, 962006, 928606, 851751, 917955, 984561, 974335, 866135, 895330
1008594, 901928, 970803, 838720, 864170, 873045, 987734, 915859, 934826, 1008569, 895679, 950554, 897232, 946860, 956024, 1049457, 861458, 1007263, 962072, 977900, 987618, 944061, 925542, 957222, 891588, 931649, 883993, 905580, 952262, 961281, 941793, 934067, 922492, 1052246, 961511, 889244, 904033, 1069004, 933339, 916966, 907341, 915937, 928112, 1046379, 858591, 957106, 875843, 937599, 893088, 954504, 804733, 1025959, 1050951, 926264, 938903, 940297, 942320, 1108966, 956958, 891655, 995405, 1031241, 940146, 968811
950025, 891161, 956570, 941543, 965433, 965820, 896306, 920302, 928895, 928823, 943555, 935991, 956816, 1009992, 1032986, 928905, 897397, 899518, 938578, 968176, 917968, 858312, 952042, 922042, 952409, 1011777, 1003817, 1037824, 971492, 947833, 918315, 987455, 901905, 973846, 911822, 978486, 944705, 946080, 1039087, 979648, 955639, 924705, 957832, 926378, 856807, 1023103, 884809, 1069118, 904000, 950029, 895635, 902082, 901560, 924830, 988182, 933520, 976670, 997234, 913104, 974121, 944928, 869214, 931877, 982954
995094, 881840, 1063023, 977820, 941249, 983106, 960404, 938535, 976690, 981525, 903037, 862720, 943359, 947252, 969978, 855038, 953042, 888086, 915906, 925748, 1054724, 1051998, 877172, 975621, 880570, 874463, 911351, 892896, 958467, 964122, 947440, 968481, 1043150, 900027, 894816, 912148, 1014870, 991861, 881160, 940718, 944412, 950649, 946658, 946138, 942454, 963848, 980414, 1024582, 897226, 941694, 898485, 1068345, 874633, 986352, 980344, 906016, 950328, 920673, 1045075, 945188, 934858, 1002597, 894361, 880477
839645, 981118, 936715, 887886, 1089827, 891989, 974224, 898092, 954371, 950594, 926410, 851028, 1030246, 856597, 950423, 867772, 945073, 997874, 1205566, 824878, 844703, 1045605, 833492, 945391, 973063, 922932, 990190, 806396, 990070, 838845, 885462, 937215, 956645, 866448, 889282, 950701, 893891, 958537, 894756, 953589, 1004380, 967993, 997246, 866722, 1015127, 878696, 927500, 801628, 888970, 934713, 1016873, 907895, 904934, 901094, 904339, 933327, 887165, 1016149, 1099924, 920286, 884847, 898572, 920354, 957519
956335, 980685, 973027, 851348, 906063, 964525, 941182, 986794, 863444, 996524, 984937, 1003992, 939639, 976854, 910558, 952418, 998686, 946677, 1015904, 949486, 932833, 975398, 955976, 895940, 889351, 1012989, 1091134, 942515, 938775, 931456, 957683, 923225, 913892, 814561, 939223, 893485, 867695, 967993, 929548, 978223, 901551, 1072368, 1038571, 909499, 898450, 893162, 944688, 984137, 992698, 927276, 948781, 952885, 889943, 1021331, 985906, 952725, 882148, 947591, 973281, 862618, 900198, 942016, 1013609, 928693
967081, 979415, 940764, 911304, 1084258, 963981, 954278, 933229, 962282, 898923, 995946, 956386, 901911, 1022630, 827075, 973218, 960837, 924508, 1043613, 910361, 930653, 991255, 911174, 964000, 982918, 808600, 973260, 889549, 911577, 860142, 906492, 862026, 925251, 907009, 923271, 974051, 934671, 951334, 915030, 970464, 905658, 905378, 893513, 985713, 832874, 874425, 1010373, 962170, 986524, 878762, 951045, 908103, 894831, 911923, 827343, 905090, 833549, 963940, 972518, 932461, 930557, 910267, 965943, 905923
879194, 1048879, 850036, 904652, 872438, 840869, 1060625, 914900, 917251, 896947, 941653, 933894, 953046, 937242, 935494, 919865, 928859, 926607, 988392, 1090917, 904581, 890497, 913618, 945211, 919262, 985460, 952639, 1035672, 874895, 880247, 955823, 924069, 930927, 956830, 951022, 907379, 858614, 910448, 873231, 885040, 964443, 938166, 922799, 971963, 884095, 927523, 899562, 862622, 960139, 933238, 938130, 853657, 886418, 1001621, 943206, 894168, 1041366, 1077766, 899064, 914780, 873310, 996271, 962973, 1005552
865780, 940607, 969914, 883802, 998916, 984140, 906654, 962631, 996321, 913207, 923773, 874078, 982403, 910944, 1093306, 915047, 884435, 900851, 958874, 991422, 1020623, 887661, 916929, 959694, 917987, 949986, 811365, 929983, 931221, 869039, 878530, 923023, 924816, 888173, 887492, 1012373, 880519, 1046302, 943679, 999868, 851335, 974963, 979337, 926190, 1050115, 1015569, 915600, 987115, 1013931, 915578, 937695, 1009757, 1135158, 978362, 926085, 984018, 883290, 971329, 912913, 1050575, 912820, 879434, 945889, 930909
965491, 978362, 995782, 866254, 1001296, 900017, 947331, 861458, 926810, 1010237, 921223, 871197, 1205378, 944213, 941481, 979931, 879819, 862470, 968897, 979183, 959529, 929219, 909996, 987190, 981665, 994398, 847510, 1004156, 967082, 968376, 918210, 957393, 919484, 835767, 906184, 926298, 999918, 939107, 912653, 948979, 937083, 886610, 918185, 958723, 874752, 942524, 951463, 918947, 947274, 981360, 944607, 952495, 985800, 1065523, 985774, 935736, 930071, 1026083, 951550, 898383, 858110, 980953, 965481, 933141
882842, 1036195, 971371, 966971, 1014916, 882204, 990728, 903017, 1049252, 931291, 962135, 960822, 1046193, 948773, 965803, 947478, 931342, 883210, 960335, 944986, 1033411, 885339, 936905, 869522, 973503, 855740, 952127, 951906, 938615, 927102, 996472, 946081, 895578, 972394, 973084, 1034360, 999410, 916380, 871979, 951944, 972982, 947925, 948158, 974853, 902720, 977695, 891014, 1047925, 889413, 934298, 909275, 952649, 891544, 919415, 952543, 957713, 945143, 858517, 988753, 929398, 915888, 861347, 940805, 1050582
932649, 875699, 895466, 917525, 1034862, 1008254, 874828, 951224, 1047818, 929956, 874080, 1045573, 922249, 953874, 916101, 893109, 1016973, 875012, 904049, 855349, 857656, 934994, 934194, 929073, 848659, 910401, 924159, 1020831, 934297, 904157, 984898, 1021485, 1060944, 849869, 969940, 920236, 998124, 918321, 947186, 897548, 943857, 944273, 934034, 1015015, 981473, 876174, 968654, 939442, 964418, 967871, 946338, 1006767, 1016553, 935544, 932513, 955832, 965217, 1156259, 900727, 905519, 955570, 950891, 990114, 855599
897533, 940591, 880600, 845705, 912480, 971118, 871883, 909132, 873786, 980327, 980184, 1029246, 935351, 1109949, 856918, 984469, 1001421, 923096, 923057, 959443, 1113361, 1045145, 1058449, 976329, 905479, 887825, 948950, 905409, 941565, 949991, 822675, 866694, 892852, 955057, 1007520, 889555, 860994, 943666, 987971, 964892, 955198, 907276, 942726, 980106, 1007390, 896518, 880824, 989370, 931759, 969767, 1131297, 1000375, 993858, 871584, 924070, 918043, 1006576, 950676, 925565, 975341, 835909, 974719, 860927, 951379
938283, 991303, 864676, 979881, 932307, 965468, 973424, 996058, 852681, 849790, 906156, 889535, 933532, 922211, 1003278, 898808, 954689, 933983, 841832, 891586, 1022332, 975837, 949923, 867896, 970431, 873806, 948983, 1016215, 929529, 912821, 975712, 988469, 1021564, 969258, 959497, 1040143, 831822, 963309, 955490, 919275, 984785, 1063827, 956849, 936140, 925305, 990927, 979385, 951494, 960726, 923834, 923296, 903782, 910194, 1024262, 904452, 943936, 981525, 874803, 926543, 912030, 1061597, 992369, 848006, 1028695
917902, 975753, 956899, 936409, 924001, 936866, 949951, 985665, 968748, 867013, 917690, 981699, 970245, 993950, 974617, 979195, 913314, 974702, 974408, 977799, 978353, 1003927, 879367, 848081, 1006346, 892339, 957983, 856403, 980616, 1006944, 871442, 967950, 941920, 989073, 1033987, 975343, 1012086, 1010935, 959040, 907668, 1038543, 876717, 947294, 1005213, 948876, 933840, 938635, 883502, 960058, 1044351, 966547, 928337, 904318, 879795, 934047, 956423, 1007094, 913052, 881173, 881088, 881810, 942753, 904611, 908970
934707, 963583, 913346, 913854, 1241718, 964915, 947533, 924491, 871166, 890854, 911139, 896685, 901901, 856921, 870018, 983618, 970355, 930989, 934644, 928943, 1046988, 925294, 941018, 910727, 975370, 938947, 963938, 938862, 933229, 839168, 940100, 952589, 961057, 898864, 851109, 940086, 999045, 1174269, 909777, 931915, 997508, 1019963, 940202, 913920, 955182, 963334, 964234, 996107, 927124, 990861, 900180, 860007, 963606, 969289, 894183, 957039, 1001754, 975999, 979081, 851733, 931864, 941248, 956647, 915368
1034120, 977158, 815169, 984984, 924595, 981975, 965841, 946181, 893775, 955812, 946717, 1049857, 911886, 859300, 1030865, 956896, 989758, 858290, 898510, 866551, 886282, 935461, 989324, 904137, 1037637, 928020, 937600, 869805, 938224, 987827, 883424, 928301, 898458, 1035572, 927562, 983410, 944449, 913872, 881278, 884803, 968442, 891143, 950724, 976395, 930282, 1045707, 940141, 1103922, 897122, 915688, 996584, 1045840, 933995, 926387, 943363, 892509, 888677, 925886, 927836, 1003841, 973532, 953099, 989563, 944840
895419, 930269, 903476, 943173, 1010433, 929209, 960399, 917870, 910482, 904496, 962154, 829585, 1062649, 917293, 931715, 981356, 942045, 982060, 868981, 938994, 931637, 969021, 987726, 878129, 1009822, 951593, 893936, 1032578, 1070988, 1001441, 977211, 912520, 1053722, 893866, 887802, 920141, 958522, 907795, 1015304, 964011, 902157, 889538, 1050301, 877245, 964068, 917382, 1047623, 898431, 963563, 868330, 1039493, 939415, 838246, 906049, 857661, 973223, 944574, 962686, 960945, 1002557, 963835, 913951, 1022469, 948484
945398, 968706, 920310, 944848, 1026458, 892774, 968354, 971929, 972705, 972806, 876791, 904690, 868585, 891495, 931533, 935202, 869848, 1082739, 904587, 956057, 1042478, 895334, 960297, 1025470, 933238, 946084, 956594, 886118, 1160606, 857588, 871508, 1012246, 950706, 1174572, 996549, 901159, 917333, 946087, 957101, 890521, 891039, 903812, 1041426, 899272, 926702, 992947, 948948, 1000290, 892821, 910931, 879463, 1038688, 925109, 910991, 961293, 909886, 888384, 922318, 936145, 879118, 975175, 866973, 870854, 1052807
906939, 941141, 879775, 932240, 842955, 852343, 1050634, 960145, 851482, 913021, 930273, 1197778, 878099, 1069582, 924790, 860855, 819519, 967270, 900848, 925592, 849404, 923949, 860641, 890013, 921469, 935476, 873812, 1136231, 1191993, 872688, 980543, 915489, 875938, 1159490, 889756, 1189929, 886277, 934411, 881470, 933955, 892778, 936985, 989540, 917147, 1108883, 1040012, 943451, 909005, 975763, 923649, 943047, 824352, 882690, 846949, 938897, 985097, 1048419, 1047202, 955955, 969322, 990122, 893937, 880252, 931695
941543, 994585, 995992, 954750, 931561, 851330, 901088, 925865, 937041, 937629, 899566, 928965, 887096, 1174104, 947746, 932399, 809030, 961021, 929119, 997339, 1026829, 960482, 944399, 885266, 990234, 1034270, 980326, 928351, 941177, 916447, 907526, 942646, 949019, 866283, 1024743, 936302, 921209, 909541, 988447, 821625, 1006814, 875824, 904904, 966654, 949543, 1004567, 962042, 932317, 905556, 1103445, 929163, 1022185, 968354, 978576, 947077, 981173, 904347, 905509, 983515, 894464, 879475, 956213, 912882, 916323
881723, 965792, 973710, 930667, 924485, 897916, 926537, 849961, 990763, 897442, 1001329, 944753, 944192, 893120, 916201, 966918, 976694, 945111, 967176, 980149, 910227, 934340, 979312, 925406, 919735, 924264, 935845, 921719, 885569, 932223, 934309, 926300, 913232, 979095, 957151, 957415, 884659, 994799, 926102, 817646, 992105, 876203, 908018, 982265, 1081838, 1006243, 877561, 913786, 1125126, 996945, 987296, 877830, 853242, 979710, 908985, 1020596, 1043285, 998665, 920278, 875525, 975870, 973396, 1011697, 996507
943621, 901098, 978972, 979009, 988689, 876072, 977375, 950485, 902070, 964609, 913361, 912071, 1014579, 978882, 958150, 988061, 1095641, 915133, 940482, 1075946, 955515, 993978, 911377, 945500, 953714, 909468, 902735, 1021905, 920683, 994297, 959378, 976581, 1007962, 897461, 1007439, 934086, 906872, 877864, 986695, 937727, 991047, 944224, 897627, 924963, 885317, 894761, 919089, 911425, 884206, 976045, 1045561, 1042511, 897402, 944639, 885928, 952825, 869535, 933559, 893920, 852083, 1004083, 898247, 879700, 882646
946045, 1563413, 931339, 948031, 942629, 894623, 892977, 1394508, 942318, 893100, 1025094, 867533, 917712, 948794, 952725, 991274, 914166, 932403, 920349, 894879, 901547, 885417, 897572, 951894, 972705, 952287, 981491, 939652, 831679, 964463, 963556, 886611, 890227, 873615, 990196, 947638, 916460, 940375, 992624, 979611, 935246, 952962, 919077, 968951, 915970, 923000, 944651, 859086, 849503, 937076, 956467, 887118, 930769, 894687, 917340, 886896, 875110, 980496, 911975, 967143, 891802, 1009057, 972893, 958175
970721, 877910, 957677, 980002, 962388, 988738, 934251, 1004605, 941468, 920301, 890662, 909799, 1014485, 937034, 932060, 942680, 942640, 855322, 1015577, 878998, 900481, 901238, 971236, 963514, 938064, 965927, 1004464, 949280, 1009375, 962778, 969367, 927991, 845367, 970949, 944327, 1008583, 953073, 1074342, 916785, 871050, 954165, 938698, 893888, 960104, 1016637, 1038074, 878963, 990139, 955257, 985223, 875324, 887025, 1038649, 939957, 917969, 927379, 868715, 953608, 959904, 933690, 957038, 919914, 906057, 1015310
1086911, 935334, 906476, 1051608, 921057, 939463, 960776, 941576, 909472, 970768, 1193454, 842221, 918785, 1045424, 968742, 960882, 1061438, 920504, 929573, 1029789, 911691, 824542, 896960, 947715, 888901, 939254, 874195, 1014826, 922677, 942582, 965632, 1059146, 943943, 924449, 953326, 861389, 910657, 1052127, 879690, 904259, 980723, 945707, 952550, 958696, 951020, 1059794, 849702, 902047, 853704, 974827, 932045, 896195, 919367, 901278, 931447, 982440, 960151, 885088, 928412, 885896, 975597, 882657, 1049895, 934926
955907, 949712, 816324, 920714, 1024875, 974919, 987487, 961410, 1024861, 1036831, 981044, 984373, 971074, 958839, 975025, 907124, 1071926, 882448, 961269, 953801, 902734, 890998, 968540, 920575, 924180, 948665, 916671, 1008648, 950911, 1028005, 1024524, 917791, 916241, 934699, 932560, 822871, 879635, 1017342, 964035, 916319, 973355, 968126, 939609, 883000, 925553, 821615, 905644, 1129700, 1048876, 968561, 888383, 919688, 912492, 835239, 898768, 906184, 974421, 963029, 919232, 857649, 1037660, 986719, 875280, 930271
875481, 1077225, 862982, 935865, 886837, 944529, 918398, 914381, 996530, 1006078, 1077894, 974156, 881857, 989887, 870189, 987561, 885690, 912745, 897110, 1011691, 902260, 909282, 932274, 1131761, 875267, 1003648, 918214, 887287, 928840, 874063, 988342, 1051661, 885271, 908580, 942756, 894552, 918098, 950534, 1032385, 968649, 958859, 873162, 959355, 1201469, 933961, 924405, 1019036, 917050, 923513, 864952, 1028106, 935101, 923242, 937432, 1017709, 890958, 973809, 898987, 917774, 906571, 895546, 894416, 891890, 1081355
940001, 1015927, 937880, 965486, 843427, 873688, 969064, 1015306, 1019819, 951820, 861617, 984880, 948432, 932158, 993996, 880388, 976556, 1024383, 947713, 829017, 942986, 931329, 974138, 949460, 995330, 932496, 1030945, 946357, 852253, 870209, 910175, 948258, 926625, 867942, 926029, 988065, 964904, 957706, 927605, 963533, 989838, 913379, 973241, 919075, 989433, 864385, 929461, 999155, 999083, 905661, 1038725, 898794, 942315, 940220, 887943, 906164, 1046644, 861513, 924000, 941656, 1009424, 943680, 969956, 960664
918007, 1016229, 916952, 931286, 1040832, 1376418, 924541, 961753, 1000866, 890925, 895282, 1011375, 928634, 965227, 936929, 949100, 988305, 936297, 908033, 870029, 887882, 980587, 1044533, 951481, 875926, 1008799, 942766, 850837, 918723, 1109267, 917400, 856013, 993053, 938582, 898142, 924769, 946458, 1126583, 923117, 938725, 879566, 929689, 1000796, 957116, 983804, 932227, 972732, 854065, 940720, 841694, 877560, 980333, 941834, 848989, 866202, 904418, 1002826, 940504, 845877, 961961, 983386, 948297, 945461, 893494
849355, 906683, 985544, 913144, 948812, 918222, 1021003, 913794, 960256, 907565, 953990, 934150, 1061044, 967826, 921496, 946107, 890056, 948392, 918603, 943334, 880753, 934139, 952997, 847116, 949976, 931184, 1023736, 988269, 905286, 942022, 910215, 965395, 991543, 1021531, 926597, 922595, 946501, 904467, 1018825, 908711, 1050208, 856573, 1080307, 960228, 957007, 940021, 969099, 927591, 912147, 945075, 967658, 920711, 986586, 1081322, 919731, 907292, 899223, 974356, 884033, 869354, 949776, 908119, 946212, 1003286
1062176, 953270, 1066424, 1028793, 992732, 932508, 888941, 918591, 899497, 1009077, 1048390, 923005, 954817, 946985, 932698, 1027633, 1020740, 878727, 1030474, 891983, 897162, 871005, 921888, 917708, 949083, 935903, 920342, 964268, 934428, 951566, 915710, 880337, 972090, 1014899, 888058, 879277, 986246, 905513, 979694, 963917, 875056, 942280, 970492, 1042381, 968654, 827354, 892574, 869006, 966405, 893535, 1031064, 932155, 917599, 971642, 953039, 899818, 923715, 927317, 849940, 928781, 1005019, 943482, 907032, 973265
860191, 896388, 933982, 930874, 1001319, 909754, 1045118, 864279, 878665, 959158, 824963, 857130, 865071, 947532, 964458, 975407, 970023, 950536, 963521, 928991, 984939, 949992, 1065179, 931716, 883803, 875770, 1105089, 920293, 890560, 926942, 915545, 1092127, 972642, 861359, 928314, 974357, 863055, 962744, 975832, 1031731, 935853, 907020, 946372, 1069556, 998070, 957146, 888387, 1088570, 852209, 1073812, 921770, 961934, 972365, 1010274, 950747, 919971, 895947, 867120, 917341, 901587, 903441, 977421, 978479, 974117
875566, 880650, 992894, 894839, 1053737, 936565, 919533, 922113, 1073315, 963275, 874747, 976911, 837882, 1016845, 908286, 916380, 1130301, 952647, 980778, 875950, 1068167, 866471, 955238, 954594, 972160, 922170, 889553, 925138, 910351, 911187, 947448, 997521, 837842, 1075537, 890069, 994701, 1018525, 871950, 949705, 909243, 1014262, 795449, 954703, 915189, 923197, 995371, 925904, 947858, 932060, 1016257, 830093, 880815, 880859, 969755, 977993, 931512, 965666, 959234, 955707, 887892, 1081625, 960571, 986179, 954054
922535, 891710, 890147, 925835, 900132, 998316, 960583, 899187, 985207, 938699, 927053, 1054383, 895834, 913240, 905235, 985123, 893808, 926180, 883541, 1210259, 922984, 912940, 969658, 913262, 872377, 934144, 875756, 1068811, 924974, 939434, 923829, 893917, 907187, 993595, 918165, 960372, 918681, 917885, 1063688, 966154, 871446, 895474, 980666, 1118686, 878879, 997033, 940070, 910061, 885610, 932048, 926043, 918961, 1022464, 913684, 923572, 1023609, 953262, 1013103, 1029867, 950766, 932104, 948473, 933253, 963308
912816, 968171, 862223, 892957, 945518, 1020774, 881809, 946005, 955946, 945310, 984612, 840377, 925992, 974139, 977110, 1028410, 948755, 987577, 898492, 957750, 921378, 1089247, 991348, 868929, 940526, 1084995, 964220, 971148, 962722, 932768, 925005, 898130, 1067377, 911873, 1016592, 984696, 879059, 899283, 969437, 840520, 988248, 874470, 877299, 1036375, 894375, 913172, 868696, 874306, 912304, 1104195, 910050, 919316, 996057, 925395, 944646, 916905, 942270, 812452, 983693, 1132799, 974929, 880145, 907116, 909708
943582, 923632, 871983, 927557, 867524, 878323, 945803, 957944, 881905, 919787, 897254, 1016474, 886996, 955244, 885652, 951743, 929717, 966392, 910186, 974128, 873707, 927674, 881590, 931188, 893393, 1013290, 1011406, 916599, 1012601, 888898, 901898, 974062, 992601, 920502, 962525, 1134915, 932002, 917053, 997213, 922706, 925149, 946962, 1058278, 933360, 980663, 896826, 961034, 910704, 1000570, 876977, 902559, 950699, 976506, 934034, 929725, 1163035, 1032456, 963325, 938766, 1028570, 983684, 950713, 908572, 884871
1011637, 894310, 913078, 1016524, 936216, 927883, 914988, 870298, 878804, 889658, 1008897, 1008361, 911413, 924551, 938848, 833192, 1252380, 999503, 952199, 882365, 893331, 907181, 1022744, 959780, 960074, 951000, 917559, 911480, 1073055, 942074, 942758, 994352, 926410, 1007837, 839171, 997325, 944416, 929096, 1258609, 911547, 881108, 917831, 925990, 935642, 962814, 883862, 974517, 895126, 945726, 899614, 951521, 898367, 929620, 911619, 906353, 875496, 954993, 1090049, 934931, 890450, 917759, 901557, 1001712, 878060
898614, 948210, 910889, 927841, 858835, 846880, 954912, 890883, 1022027, 1001876, 933981, 933858, 1051043, 1102399, 883153, 903069, 912129, 958661, 995735, 938324, 1144776, 927753, 1052255, 908046, 917331, 941880, 872243, 1044850, 873398, 895287, 1010641, 980427, 968301, 956926, 849699, 923008, 880914, 1085006, 1001347, 1074805, 966538, 886413, 939260, 948640, 921463, 934582, 893918, 933232, 872203, 1065475, 859936, 894051, 931062, 978067, 1001630, 939099, 936860, 958439, 934955, 928758, 903092, 933271, 927792, 966377
886139, 903654, 1123699, 903079, 1011714, 918200, 972516, 811263, 915313, 1156622, 920088, 910984, 940543, 965643, 894094, 1076578, 856503, 971670, 941679, 920662, 925867, 966732, 896169, 907603, 920297, 909609, 926588, 886324, 898388, 901478, 968775, 991012, 899593, 960365, 858497, 880422, 871500, 875759, 1015890, 914948, 1022360, 911055, 1057481, 1007316, 987046, 940301, 1004926, 969456, 1091336, 947681, 937520, 969733, 943103, 914506, 898256, 934148, 993590, 928359, 912181, 896820, 923362, 935534, 973462, 998153
942719, 908789, 935648, 909529, 895128, 905580, 954477, 967648, 1214518, 1025884, 928910, 896968, 867354, 969049, 885552, 913102, 920554, 1018486, 1033889, 954633, 874475, 940915, 1056687, 1104079, 921280, 990032, 870183, 920677, 1020158, 882191, 879045, 908858, 943905, 916623, 1004591, 915203, 942272, 951783, 947692, 943146, 939900, 960107, 937680, 963756, 873610, 976219, 906688, 945766, 970891, 955354, 1007501, 946035, 1007866, 1022239, 975415, 868142, 901905, 879828, 927956, 958300, 1030962, 876107, 967672, 843327
896650, 975155, 1015121, 1014401, 993773, 877060, 1047396, 979037, 976683, 831459, 921895, 978214, 972373, 966280, 987001, 866705, 928566, 998042, 861561, 900197, 1003905, 1044550, 979083, 916426, 875501, 1001422, 1053927, 875019, 897259, 1051676, 991880, 936265, 987817, 904957, 1058079, 1041735, 898541, 975651, 836300, 961526, 979276, 887733, 974882, 888576, 921424, 980902, 1005258, 940821, 995398, 901220, 881750, 911346, 965095, 861786, 926111, 890175, 891389, 980118, 1007142, 830840, 918837, 875488, 982014, 903704
966261, 973236, 893441, 995308, 921234, 1023981, 914107, 917606, 892432, 986348, 934148, 1024153, 864195, 902397, 904664, 901289, 1071873, 953341, 944113, 850007, 842962, 967993, 900168, 1067311, 1156181, 851350, 920001, 898454, 859834, 946381, 933067, 857164, 1094663, 980523, 993002, 932930, 891733, 875984, 857506, 939360, 888915, 955647, 1016563, 1041752, 989898, 948524, 912696, 874124, 974359, 886935, 922546, 954948, 977838, 1004472, 958724, 889494, 961731, 918871, 984041, 955716, 923992, 1045556, 902769, 998821
955191, 948591, 991266, 894720, 966474, 1003280, 963156, 913531, 889795, 948654, 979276, 1147669, 914334, 954117, 869499, 888803, 880857, 1015353, 979863, 953630, 939360, 1059135, 876984, 975855, 951373, 976471, 880653, 992318, 878911, 1002630, 954449, 946641, 929062, 889508, 981274, 941854, 936088, 917240, 1065670, 983504, 929147, 934567, 941192, 998619, 886327, 956851, 900323, 890492, 953601, 962920, 937793, 970240, 914884, 948301, 881338, 918569, 888378, 887470, 994124, 925014, 972528, 888689, 973045, 1023000
890326, 996929, 875868, 953324, 863441, 890669, 1026392, 903824, 1068507, 957546, 973099, 882531, 930678, 914265, 937541, 910095, 955612, 1008755, 925116, 939103, 1002961, 915911, 1039231, 985531, 914790, 946850, 958663, 922186, 892684, 921697, 960089, 914665, 976756, 920527, 990677, 981748, 956045, 900625, 865147, 912215, 975872, 940118, 968565, 1016589, 1017065, 974632, 1013155, 924451, 898733, 945149, 845660, 948462, 942256, 984348, 1174319, 897565, 950619, 894622, 912034, 868292, 846578, 944928, 1010902, 890957
910824, 917703, 933095, 1020640, 925481, 933825, 912853, 869547, 883635, 981457, 956189, 891162, 927132, 939287, 977642, 823656, 860344, 1145781, 1026527, 862263, 923381, 932839, 920546, 971936, 904396, 901858, 971521, 937370, 1059125, 1009887, 904118, 976957, 876222, 921976, 883911, 893793, 941557, 1027252, 890606, 978845, 960221, 973197, 920958, 863280, 1068228, 947120, 1206416, 1089933, 931506, 927553, 864489, 942586, 1038024, 1066072, 898769, 910102, 950352, 895890, 887666, 779365, 982514, 909614, 1048615, 911273
983349, 971807, 935863, 946241, 998191, 965441, 904566, 944485, 962015, 1020788, 935947, 934538, 946863, 961270, 927411, 988432, 1021944, 978929, 885407, 1009474, 964073, 949309, 959636, 953630, 929529, 962678, 1020675, 986267, 935428, 911301, 947767, 904874, 986053, 955967, 970668, 868367, 985411, 909514, 894096, 955203, 900394, 880148, 896723, 947903, 897676, 900122, 921094, 945882, 1013703, 893032, 936285, 970446, 945289, 940350, 939858, 922325, 940959, 905676, 961028, 988244, 925539, 1039115, 917139, 929395
944604, 909796, 1012236, 902652, 1017461, 1029136, 911423, 854483, 929546, 892881, 906867, 836404, 976208, 949298, 959316, 923621, 963087, 890420, 916437, 938336, 1001589, 1002805, 883267, 929266, 945096, 907782, 978863, 912166, 910131, 939834, 985465, 1018673, 852472, 975060, 971403, 961035, 881922, 995731, 970763, 1109849, 1002241, 956315, 950783, 966170, 921915, 980330, 867866, 864273, 1134106, 1004633, 941720, 880985, 956150, 936273, 871413, 1007261, 941403, 868387, 878508, 1048259, 957672, 992621, 943134, 923671
1062747, 1067122, 991955, 933185, 978005, 908494, 880762, 948993, 848287, 1007394, 950410, 905771, 890303, 877847, 955027, 919771, 986508, 855558, 884225, 967416, 950845, 963594, 916784, 926826, 888998, 959954, 849886, 895366, 1093503, 1031191, 850926, 939852, 870712, 894519, 953948, 978670, 961669, 968500, 1053332, 927429, 991976, 897949, 1029756, 995102, 1042690, 928560, 938825, 928969, 917352, 861117, 968064, 891056, 988229, 942992, 999159, 947665, 1042108, 935034, 894251, 1003521, 938537, 891088, 844349, 993884
933443, 960461, 831244, 950970, 912331, 984155, 943342, 1029970, 976125, 927688, 991970, 1038517, 897975, 931454, 882252, 946459, 876826, 1258244, 925267, 1011357, 1015699, 921334, 925597, 975313, 924816, 836249, 843989, 863865, 942722, 994029, 906565, 954158, 971625, 895545, 1091878, 832837, 899815, 928380, 1042893, 941784, 1027376, 1015998, 863318, 968824, 943996, 923786, 778456, 940281, 963292, 987517, 1017933, 936708, 891247, 931374, 891925, 930903, 894866, 1011208, 960602, 940689, 1041340, 848613, 921821, 956287
910213, 909120, 1016968, 1010526, 883768, 964210, 873370, 916222, 981860, 1074385, 959952, 893375, 986108, 987041, 1062617, 969826, 928233, 939060, 1014555, 957268, 888995, 887421, 930365, 947941, 927221, 1033660, 921278, 1002457, 851151, 930345, 930648, 858301, 917473, 1056319, 984173, 908163, 850965, 954931, 952106, 971427, 832279, 878410, 1011627, 982920, 1011173, 1013865, 973017, 917941, 1087023, 898697, 869866, 929949, 868240, 965039, 957982, 994148, 960590, 919275, 918030, 997302, 1010952, 927421, 901103, 860166
849121, 966893, 875878, 896551, 1008731, 949027, 960652, 940299, 941592, 942981, 896073, 912136, 960620, 903910, 940491, 912543, 1043593, 902463, 1001982, 877982, 1019475, 920885, 1048029, 897817, 945576, 938964, 996248, 956127, 991215, 902429, 872906, 971095, 889506, 926346, 936231, 925460, 1068823, 934882, 945560, 946737, 998453, 883563, 896578, 897185, 861583, 954752, 971492, 889587, 980948, 879581, 981584, 839468, 1009321, 965238, 1043676, 1069466, 952100, 1020754, 925704, 931816, 840701, 901928, 1019851, 1045586
908777, 939003, 950614, 880195, 941230, 1002710, 1010389, 870990, 976712, 1092786, 941498, 957663, 912206, 914618, 1011637, 942135, 1012954, 852370, 969530, 983312, 931902, 955695, 846381, 935605, 986450, 838718, 883862, 971494, 956546, 958615, 1167756, 920913, 962737, 921428, 856069, 980849, 929581, 973887, 871716, 1014116, 896681, 1026851, 924162, 934342, 1170751, 862624, 979913, 953586, 959810, 897022, 943018, 945754, 982397, 877082, 843751, 1058016, 880498, 939557, 912844, 981822, 972261, 889715, 916985, 840783
1030540, 927252, 941040, 977570, 916640, 929113, 987400, 930529, 925958, 897717, 863431, 967285, 939806, 887612, 892889, 977126, 983692, 992246, 922567, 917442, 1035105, 879448, 949166, 851255, 944408, 1013388, 960476, 964535, 959327, 929742, 1062004, 1078827, 870015, 933107, 926453, 885026, 917851, 892738, 861017, 923691, 920084, 939337, 950215, 943555, 926882, 874566, 935546, 978118, 964400, 1130185, 941484, 996569, 997938, 974408, 1007917, 1052095, 872472, 864738, 1026007, 898867, 918116, 915113, 931940, 916874
983402, 997855, 885676, 927377, 944727, 944432, 1003370, 828841, 915770, 954683, 888544, 1062179, 831559, 983480, 926442, 904035, 996306, 924092, 915894, 892356, 900977, 1015125, 914864, 901566, 932208, 929704, 934702, 941271, 947669, 900401, 1028942, 1015660, 944384, 951313, 974554, 888984, 973645, 986455, 941062, 1027350, 990449, 922214, 911258, 917852, 948300, 1002585, 1000856, 898180, 887154, 981852, 1032475, 899243, 883860, 952175, 953449, 931006, 888464, 955584, 1021841, 917817, 942839, 953714, 1015916, 976620
872165, 1138833, 847420, 1304262, 1080489, 1008973, 913700, 932403, 1040038, 929437, 992718, 894616, 871644, 920129, 932696, 893022, 1019636, 841580, 886138, 922822, 853135, 885200, 919462, 880038, 956130, 897417, 903229, 929035, 963500, 920458, 994583, 918888, 849032, 907097, 857461, 1001992, 940691, 942817, 1029717, 979034, 831479, 868868, 971197, 979745, 1029475, 914553, 883327, 1064811, 856654, 1016522, 978152, 916622, 1034436, 890270, 1097475, 913511, 924553, 917267, 971585, 869559, 996375, 1103214, 914183, 908043
884549, 851193, 1466048, 918440, 1016404, 935058, 887963, 870869, 1003986, 955845, 1001847, 894303, 901227, 973424, 942101, 902666, 958099, 917994, 1020987, 878000, 976114, 877089, 898465, 866442, 863502, 942859, 880330, 877124, 950878, 1005758, 1037365, 975113, 907826, 851801, 956213, 947937, 971877, 939329, 957248, 1180824, 943539, 883174, 1023099, 927407, 937538, 909303, 900309, 945420, 910015, 930763, 980360, 898643, 917595, 872139, 930907, 867954, 918010, 1015253, 876182, 1033436, 1063144, 977255, 897103, 858878
858422, 842230, 912675, 811738, 883310, 971844, 897396, 944692, 914167, 896939, 917647, 890077, 950198, 1050031, 926844, 1012167, 1025494, 889565, 956634, 909731, 909283, 934241, 862530, 949194, 878036, 1049426, 982543, 1039928, 960210, 924838, 872437, 1139354, 1059900, 997624, 926459, 943990, 867996, 967941, 869155, 980736, 844021, 985234, 1027057, 978275, 921642, 946994, 875037, 907205, 1049095, 999479, 901704, 965742, 1001230, 889272, 979732, 1009159, 925377, 952429, 907311, 1198262, 906900, 863913, 866936, 1001784
996280, 1000331, 1021582, 907414, 884081, 975811, 881384, 993099, 1030425, 951942, 857398, 867795, 992630, 1037112, 934271, 933927, 833437, 933747, 930382, 979273, 902401, 954474, 903538, 964173, 944766, 831780, 957390, 1031052, 953710, 979443, 983958, 942172, 1012323, 887322, 839063, 969173, 936950, 933810, 962160, 950353, 928173, 908048, 918479, 901759, 1033624, 960341, 984590, 903633, 895188, 962477, 901728, 905656, 906249, 1022549, 938389, 921701, 933486, 1026607, 947467, 1022640, 889924, 884905, 1046687, 947003
957920, 879357, 953154, 929318, 864877, 966916, 961050, 879671, 925660, 889483, 917032, 871411, 1298376, 862060, 974978, 967428, 949492, 995878, 1082166, 977082, 944851, 984907, 947940, 911362, 988190, 946554, 911442, 950228, 942074, 1105253, 975652, 938509, 840164, 944576, 943438, 842198, 900191, 950185, 812962, 977339, 928206, 894661, 1038258, 912354, 894957, 1010957, 916476, 981252, 943588, 1013814, 1026609, 1013006, 943812, 953352, 890803, 943852, 892115, 926814, 929711, 909047, 884199, 964652, 914490, 933704
885145, 1072785, 973723, 900321, 953418, 1018738, 926462, 1051850, 891917, 918352, 943913, 894498, 1050999, 888507, 986672, 957313, 1005362, 918794, 885791, 907388, 855608, 988078, 979418, 1002437, 946526, 1027692, 914420, 976475, 954583, 925152, 947822, 975140, 932628, 877119, 882239, 874665, 924333, 856727, 943938, 952977, 878567, 895735, 933810, 971247, 961151, 897643, 977559, 910631, 963107, 845255, 928878, 1069091, 972500, 887118, 946648, 901011, 886407, 1078837, 966222, 1163898, 962748, 898668, 907647, 916284
949602, 994925, 910430, 977967, 941706, 954360, 944126, 947493, 958375, 938765, 933533, 825258, 885214, 953701, 879117, 935234, 976434, 1003083, 972269, 993391, 971479, 897937, 929758, 960056, 989524, 927415, 1026002, 934578, 938787, 1001548, 926526, 909007, 954120, 901797, 949220, 906949, 965539, 958084, 914873, 954747, 1009688, 873793, 899523, 986233, 914714, 973624, 986188, 952948, 991866, 927625, 896700, 932188, 1163940, 945388, 942376, 901912, 910109, 879733, 884459, 1015780, 918959, 1019349, 928662, 945557
922640, 902310, 880700, 982300, 939500, 1051968, 905573, 967163, 1012236, 913167, 1024648, 1037143, 935342, 876547, 934637, 949756, 937903, 951499, 954009, 957541, 929148, 973841, 948466, 874604, 960479, 930131, 947587, 991985, 994653, 997919, 885576, 972677, 942925, 931144, 944544, 940584, 1082982, 975383, 995992, 836118, 929018, 1006809, 936886, 894188, 937401, 984962, 989613, 957858, 979276, 980772, 952341, 913907, 943587, 993889, 881174, 872880, 895136, 1002484, 892805, 963873, 961623, 912372, 856631, 887430
885530, 922795, 876513, 957568, 948319, 1080481, 905890, 943007, 975219, 1030647, 963129, 902489, 983201, 948574, 1130662, 955549, 845800, 994602, 865649, 902264, 1004285, 964058, 949436, 950852, 967533, 980555, 864974, 918944, 901641, 966662, 971339, 1075671, 850913, 908447, 987161, 922955, 908625, 887708, 1011062, 951073, 963556, 964570, 1014172, 1007949, 959033, 846820, 940538, 936599, 894238, 1098093, 927736, 828922, 1002253, 919181, 850550, 854323, 906239, 860264, 922536, 931547, 990444, 1043895, 974623, 876088
1015049, 966234, 937691, 867549, 905441, 966786, 904997, 931764, 925091, 923348, 974952, 886874, 922695, 954846, 928894, 980914, 908207, 944938, 958580, 893095, 929662, 1017313, 937087, 972382, 980382, 901835, 946271, 924801, 975583, 973267, 945182, 960668, 920920, 922028, 903086, 890516, 1080879, 955254, 902924, 987161, 932261, 970990, 917692, 901240, 928901, 1007991, 866528, 980174, 975934, 970965, 876527, 944140, 913424, 938037, 886846, 955059, 1125462, 1005944, 973555, 913158, 972635, 947910, 927987, 991200
898363, 910442, 942382, 884948, 975645, 915656, 941041, 967293, 912918, 975838, 909164, 1017818, 990063, 1044988, 909172, 810952, 989898, 868597, 967392, 1046785, 1005815, 961404, 925837, 923888, 938017, 861984, 990855, 972154, 977889, 975737, 908506, 987336, 993436, 1031407, 921036, 867902, 1005621, 957925, 938314, 830685, 917175, 1009207, 908362, 863517, 1023916, 970126, 994847, 917261, 990536, 928191, 996243, 917975, 1057222, 834251, 907713, 870342, 941366, 961559, 1024589, 995586, 942245, 907232, 928036, 931041
947690, 958104, 986049, 957630, 847770, 1012818, 935003, 1087127, 873649, 1065516, 990090, 941518, 937124, 998524, 991420, 839695, 952159, 887835, 959965, 889392, 980165, 877583, 931251, 950960, 954865, 944370, 930875, 971529, 917395, 877502, 962310, 880893, 988509, 920403, 918276, 891622, 894978, 919555, 954159, 993309, 924047, 889337, 964301, 995714, 979832, 999117, 893541, 839786, 931954, 933529, 916880, 976642, 892138, 1070246, 913273, 955479, 899589, 982539, 909968, 906414, 1050788, 951828, 1072564, 917333
882826, 953628, 871244, 932981, 954303, 967738, 925887, 1004938, 1007219, 852010, 1086596, 953137, 906358, 977222, 976204, 888168, 858611, 996260, 921089, 943801, 922200, 930610, 911332, 979648, 890755, 964246, 1039786, 1085187, 932935, 947822, 902926, 899278, 963589, 926919, 895543, 936101, 904945, 924597, 935398, 892167, 938870, 1054402, 973528, 930354, 1026167, 1060898, 889187, 925367, 1032244, 878647, 932724, 996058, 985482, 901703, 883862, 917726, 904110, 1013137, 897336, 870239, 1182420, 873331, 924610, 946271
1007427, 961571, 905081, 934464, 833814, 888039, 892565, 963769, 944926, 976945, 901684, 959013, 1085514, 954575, 857836, 895083, 986031, 975355, 1014131, 902626, 939554, 946831, 947147, 947711, 1036158, 918183, 834938, 930403, 872920, 988236, 977027, 1004955, 931580, 1043827, 894965, 863268, 885604, 957761, 1074554, 886222, 1101399, 974539, 919950, 931422, 935911, 885597, 966524, 1112850, 935978, 892099, 1017171, 924556, 1092711, 905369, 872140, 904939, 977817, 867754, 914883, 940193, 820823, 976659, 1054204, 897390
1000044, 967572, 965340, 924336, 1050368, 973147, 870844, 928883, 966278, 930545, 924891, 928564, 909050, 922972, 924563, 975362, 895480, 962348, 979770, 896169, 929168, 936035, 884209, 1059723, 895551, 941754, 918060, 948838, 863281, 964021, 931277, 885036, 947671, 957864, 1026358, 869574, 967720, 894681, 921057, 990483, 842489, 898235, 941565, 917243, 873923, 1021228, 986581, 888909, 966171, 985995, 902287, 980521, 931681, 997431, 958041, 992320, 981362, 1056642, 965189, 868935, 1001866, 960732, 945984, 1003480
924050, 937436, 959981, 983446, 912850, 1137733, 1068215, 895305, 959353, 940520, 943950, 920570, 929405, 860293, 887113, 839301, 919520, 941483, 910579, 1096241, 955399, 892899, 943025, 928950, 899826, 792631, 985616, 946673, 1007380, 978612, 857844, 987234, 952639, 1032132, 957726, 900702, 913883, 894267, 981595, 881906, 893139, 1074000, 933089, 961771, 900276, 910422, 865021, 961651, 947361, 1085993, 1041003, 935315, 933513, 996030, 1086272, 840603, 990515, 915334, 921005, 897327, 860398, 1003555, 944729, 946784
61387654, 6, 6, 6, 6, 6, 6, 6, 6, 6, 6, 6, 6, 6, 6, 6, 6, 6, 6, 6, 6, 6, 6, 6, 6, 6, 6, 6, 6, 6, 6, 6, 6, 6, 6, 6, 6, 6, 6, 6, 6, 6, 6, 6, 6, 6, 6, 6, 6, 6, 6, 6, 6, 6, 6, 6, 6, 6, 6, 6, 6, 6, 6, 6
900889, 872655, 987112, 979017, 1049690, 942837, 1001815, 934265, 920175, 982906, 934188, 876327, 933208, 987969, 935319, 991470, 897535, 984788, 1035248, 936159, 996808, 1030578, 914068, 1014119, 1014380, 882141, 895281, 1005712, 999825, 948496, 848225, 871100, 1053903, 842257, 993006, 959937, 956211, 947973, 940743, 899287, 1059509, 888534, 914061, 881226, 918497, 934965, 938450, 933158, 964149, 931407, 972261, 898531, 935632, 924637, 933290, 1002473, 933471, 1001347, 950750, 924834, 879183, 1019081, 873276, 917827
940800, 905734, 1066162, 1037246, 909869, 964849, 941160, 964407, 938335, 912604, 1099923, 1033684, 920909, 879584, 935355, 989414, 850625, 942546, 984805, 978385, 944608, 926186, 891734, 985059, 1089592, 1012953, 901378, 981304, 992767, 853988, 888680, 940057, 990547, 1110394, 908404, 892048, 958903, 836123, 845055, 885331, 976312, 936930, 957833, 960296, 918312, 958902, 931455, 917684, 946061, 899827, 931027, 939038, 924544, 1035211, 931479, 937869, 930600, 1018518, 933910, 959687, 968769, 916208, 866877, 869162
61127166, 6, 6, 6, 6, 6, 6, 6, 6, 6, 6, 6, 6, 6, 6, 6, 6, 6, 6, 6, 6, 6, 6, 6, 6, 6, 6, 6, 6, 6, 6, 6, 6, 6, 6, 6, 6, 6, 6, 6, 6, 6, 6, 6, 6, 6, 6, 6, 6, 6, 6, 6, 6, 6, 6, 6, 6, 6, 6, 6, 6, 6, 6, 6
984985, 926696, 1045040, 1036184, 1006997, 999989, 898139, 942807, 894088, 874150, 1107743, 907355, 979129, 927560, 958763, 904639, 855410, 853782, 936220, 1002296, 888239, 975384, 991737, 830639, 996598, 946947, 947235, 908288, 901940, 907094, 863658, 942111, 1034301, 835948, 944750, 1027550, 1185779, 1074413, 923796, 890281, 960960, 920028, 970125, 808912, 916119, 913469, 1027807, 984289, 864441, 849692, 876091, 952253, 903996, 1035322, 883358, 984384, 1001422, 843244, 1008186, 950976, 972288, 1019763, 928239, 877696
997374, 931497, 962687, 962787, 893818, 900625, 879355, 865971, 927254, 975507, 942577, 1013279, 928915, 937877, 957534, 902746, 936320, 958346, 964203, 1024713, 981740, 863886, 869190, 989190, 858803, 982334, 978991, 883305, 979812, 909037, 888194, 865618, 942309, 960394, 985366, 1127483, 978829, 919764, 1116178, 902685, 907029, 872297, 906141, 902506, 901089, 1014192, 890291, 937309, 813214, 962665, 968843, 927223, 856488, 1132509, 875369, 909606, 971126, 903285, 937549, 895993, 992904, 1068597, 1040589, 1045931
61201208, 6, 6, 6, 6, 6, 6, 6, 6, 6, 6, 6, 6, 6, 6, 6, 6, 6, 6, 6, 6, 6, 6, 6, 6, 6, 6, 6, 6, 6, 6, 6, 6, 6, 6, 6, 6, 6, 6, 6, 6, 6, 6, 6, 6, 6, 6, 6, 6, 6, 6, 6, 6, 6, 6, 6, 6, 6, 6, 6, 6, 6, 6, 6
61180099, 6, 6, 6, 6, 6, 6, 6, 6, 6, 6, 6, 6, 6, 6, 6, 6, 6, 6, 6, 6, 6, 6, 6, 6, 6, 6, 6, 6, 6, 6, 6, 6, 6, 6, 6, 6, 6, 6, 6, 6, 6, 6, 6, 6, 6, 6, 6, 6, 6, 6, 6, 6, 6, 6, 6, 6, 6, 6, 6, 6, 6, 6, 6
945440, 1030624, 940673, 949127, 960366, 1022697, 963531, 1016871, 941148, 863809, 1056061, 894942, 853384, 886745, 856015, 945655, 1019071, 957517, 848696, 880787, 863174, 940410, 975699, 924071, 945138, 855544, 929769, 827653, 995572, 957506, 923405, 901180, 912455, 888194, 937190, 960414, 1011528, 944420, 865538, 920683, 954429, 1058917, 954188, 883605, 976413, 880922, 954648, 1226527, 924495, 933320, 1044250, 1071022, 872097, 1000830, 976040, 983278, 935414, 926034, 1013497, 973094, 831569, 988896, 914457, 871871
61237790, 6, 6, 6, 6, 6, 6, 6, 6, 6, 6, 6, 6, 6, 6, 6, 6, 6, 6, 6, 6, 6, 6, 6, 6, 6, 6, 6, 6, 6, 6, 6, 6, 6, 6, 6, 6, 6, 6, 6, 6, 6, 6, 6, 6, 6, 6, 6, 6, 6, 6, 6, 6, 6, 6, 6, 6, 6, 6, 6, 6, 6, 6, 6
24349048, 596860, 594019, 581552, 508518, 606529, 549146, 722447, 554791, 542611, 607091, 541759, 559365, 655090, 580363, 543539, 540477, 572561, 563417, 566855, 603095, 535367, 709983, 561392, 617053, 598612, 550727, 582477, 631322, 624117, 612929, 541168, 564510, 530320, 547249, 696154, 521697, 533323, 558289, 630333, 570248, 576703, 640534, 555783, 624506, 529504, 563571, 544487, 569601, 519173, 557647, 674634, 537715, 562286, 560237, 573918, 545922, 638278, 566261, 624464, 559726, 548472, 548473, 544172
61186148, 6, 6, 6, 6, 6, 6, 6, 6, 6, 6, 6, 6, 6, 6, 6, 6, 6, 6, 6, 6, 6, 6, 6, 6, 6, 6, 6, 6, 6, 6, 6, 6, 6, 6, 6, 6, 6, 6, 6, 6, 6, 6, 6, 6, 6, 6, 6, 6, 6, 6, 6, 6, 6, 6, 6, 6, 6, 6, 6, 6, 6, 6, 6
61351141, 6, 6, 6, 6, 6, 6, 6, 6, 6, 6, 6, 6, 6, 6, 6, 6, 6, 6, 6, 6, 6, 6, 6, 6, 6, 6, 6, 6, 6, 6, 6, 6, 6, 6, 6, 6, 6, 6, 6, 6, 6, 6, 6, 6, 6, 6, 6, 6, 6, 6, 6, 6, 6, 6, 6, 6, 6, 6, 6, 6, 6, 6, 6
61310936, 6, 6, 6, 6, 6, 6, 6, 6, 6, 6, 6, 6, 6, 6, 6, 6, 6, 6, 6, 6, 6, 6, 6, 6, 6, 6, 6, 6, 6, 6, 6, 6, 6, 6, 6, 6, 6, 6, 6, 6, 6, 6, 6, 6, 6, 6, 6, 6, 6, 6, 6, 6, 6, 6, 6, 6, 6, 6, 6, 6, 6, 6, 6
61098390, 6, 6, 6, 6, 6, 6, 6, 6, 6, 6, 6, 6, 6, 6, 6, 6, 6, 6, 6, 6, 6, 6, 6, 6, 6, 6, 6, 6, 6, 6, 6, 6, 6, 6, 6, 6, 6, 6, 6, 6, 6, 6, 6, 6, 6, 6, 6, 6, 6, 6, 6, 6, 6, 6, 6, 6, 6, 6, 6, 6, 6, 6, 6
61223415, 6, 6, 6, 6, 6, 6, 6, 6, 6, 6, 6, 6, 6, 6, 6, 6, 6, 6, 6, 6, 6, 6, 6, 6, 6, 6, 6, 6, 6, 6, 6, 6, 6, 6, 6, 6, 6, 6, 6, 6, 6, 6, 6, 6, 6, 6, 6, 6, 6, 6, 6, 6, 6, 6, 6, 6, 6, 6, 6, 6, 6, 6, 6
61286668, 6, 6, 6, 6, 6, 6, 6, 6, 6, 6, 6, 6, 6, 6, 6, 6, 6, 6, 6, 6, 6, 6, 6, 6, 6, 6, 6, 6, 6, 6, 6, 6, 6, 6, 6, 6, 6, 6, 6, 6, 6, 6, 6, 6, 6, 6, 6, 6, 6, 6, 6, 6, 6, 6, 6, 6, 6, 6, 6, 6, 6, 6, 6
61271899, 6, 6, 6, 6, 6, 6, 6, 6, 6, 6, 6, 6, 6, 6, 6, 6, 6, 6, 6, 6, 6, 6, 6, 6, 6, 6, 6, 6, 6, 6, 6, 6, 6, 6, 6, 6, 6, 6, 6, 6, 6, 6, 6, 6, 6, 6, 6, 6, 6, 6, 6, 6, 6, 6, 6, 6, 6, 6, 6, 6, 6, 6, 6
61152228, 6, 6, 6, 6, 6, 6, 6, 6, 6, 6, 6, 6, 6, 6, 6, 6, 6, 6, 6, 6, 6, 6, 6, 6, 6, 6, 6, 6, 6, 6, 6, 6, 6, 6, 6, 6, 6, 6, 6, 6, 6, 6, 6, 6, 6, 6, 6, 6, 6, 6, 6, 6, 6, 6, 6, 6, 6, 6, 6, 6, 6, 6, 6
61367154, 6, 6, 6, 6, 6, 6, 6, 6, 6, 6, 6, 6, 6, 6, 6, 6, 6, 6, 6, 6, 6, 6, 6, 6, 6, 6, 6, 6, 6, 6, 6, 6, 6, 6, 6, 6, 6, 6, 6, 6, 6, 6, 6, 6, 6, 6, 6, 6, 6, 6, 6, 6, 6, 6, 6, 6, 6, 6, 6, 6, 6, 6, 6
60544370, 6, 6, 6, 6, 6, 6, 6, 6, 6, 6, 6, 6, 6, 6, 6, 6, 6, 6, 6, 6, 6, 6, 6, 6, 6, 6, 6, 6, 6, 6, 6, 6, 6, 6, 6, 6, 6, 6, 6, 6, 6, 6, 6, 6, 6, 6, 6, 6, 6, 6, 6, 6, 6, 6, 6, 6, 6, 6, 6, 6, 6, 6, 6
61222246, 6, 6, 6, 6, 6, 6, 6, 6, 6, 6, 6, 6, 6, 6, 6, 6, 6, 6, 6, 6, 6, 6, 6, 6, 6, 6, 6, 6, 6, 6, 6, 6, 6, 6, 6, 6, 6, 6, 6, 6, 6, 6, 6, 6, 6, 6, 6, 6, 6, 6, 6, 6, 6, 6, 6, 6, 6, 6, 6, 6, 6, 6, 6
60472504, 6, 6, 6, 6, 6, 6, 6, 6, 6, 6, 6, 6, 6, 6, 6, 6, 6, 6, 6, 6, 6, 6, 6, 6, 6, 6, 6, 6, 6, 6, 6, 6, 6, 6, 6, 6, 6, 6, 6, 6, 6, 6, 6, 6, 6, 6, 6, 6, 6, 6, 6, 6, 6, 6, 6, 6, 6, 6, 6, 6, 6, 6, 6
61230868, 6, 6, 6, 6, 6, 6, 6, 6, 6, 6, 6, 6, 6, 6, 6, 6, 6, 6, 6, 6, 6, 6, 6, 6, 6, 6, 6, 6, 6, 6, 6, 6, 6, 6, 6, 6, 6, 6, 6, 6, 6, 6, 6, 6, 6, 6, 6, 6, 6, 6, 6, 6, 6, 6, 6, 6, 6, 6, 6, 6, 6, 6, 6
61195228, 6, 6, 6, 6, 6, 6, 6, 6, 6, 6, 6, 6, 6, 6, 6, 6, 6, 6, 6, 6, 6, 6, 6, 6, 6, 6, 6, 6, 6, 6, 6, 6, 6, 6, 6, 6, 6, 6, 6, 6, 6, 6, 6, 6, 6, 6, 6, 6, 6, 6, 6, 6, 6, 6, 6, 6, 6, 6, 6, 6, 6, 6, 6
61096355, 6, 6, 6, 6, 6, 6, 6, 6, 6, 6, 6, 6, 6, 6, 6, 6, 6, 6, 6, 6, 6, 6, 6, 6, 6, 6, 6, 6, 6, 6, 6, 6, 6, 6, 6, 6, 6, 6, 6, 6, 6, 6, 6, 6, 6, 6, 6, 6, 6, 6, 6, 6, 6, 6, 6, 6, 6, 6, 6, 6, 6, 6, 6
61271213, 6, 6, 6, 6, 6, 6, 6, 6, 6, 6, 6, 6, 6, 6, 6, 6, 6, 6, 6, 6, 6, 6, 6, 6, 6, 6, 6, 6, 6, 6, 6, 6, 6, 6, 6, 6, 6, 6, 6, 6, 6, 6, 6, 6, 6, 6, 6, 6, 6, 6, 6, 6, 6, 6, 6, 6, 6, 6, 6, 6, 6, 6, 6
61171692, 6, 6, 6, 6, 6, 6, 6, 6, 6, 6, 6, 6, 6, 6, 6, 6, 6, 6, 6, 6, 6, 6, 6, 6, 6, 6, 6, 6, 6, 6, 6, 6, 6, 6, 6, 6, 6, 6, 6, 6, 6, 6, 6, 6, 6, 6, 6, 6, 6, 6, 6, 6, 6, 6, 6, 6, 6, 6, 6, 6, 6, 6, 6
61160219, 6, 6, 6, 6, 6, 6, 6, 6, 6, 6, 6, 6, 6, 6, 6, 6, 6, 6, 6, 6, 6, 6, 6, 6, 6, 6, 6, 6, 6, 6, 6, 6, 6, 6, 6, 6, 6, 6, 6, 6, 6, 6, 6, 6, 6, 6, 6, 6, 6, 6, 6, 6, 6, 6, 6, 6, 6, 6, 6, 6, 6, 6, 6
60538602, 6, 6, 6, 6, 6, 6, 6, 6, 6, 6, 6, 6, 6, 6, 6, 6, 6, 6, 6, 6, 6, 6, 6, 6, 6, 6, 6, 6, 6, 6, 6, 6, 6, 6, 6, 6, 6, 6, 6, 6, 6, 6, 6, 6, 6, 6, 6, 6, 6, 6, 6, 6, 6, 6, 6, 6, 6, 6, 6, 6, 6, 6, 6
61283259, 6, 6, 6, 6, 6, 6, 6, 6, 6, 6, 6, 6, 6, 6, 6, 6, 6, 6, 6, 6, 6, 6, 6, 6, 6, 6, 6, 6, 6, 6, 6, 6, 6, 6, 6, 6, 6, 6, 6, 6, 6, 6, 6, 6, 6, 6, 6, 6, 6, 6, 6, 6, 6, 6, 6, 6, 6, 6, 6, 6, 6, 6, 6
907806, 965714, 902159, 939277, 992497, 973979, 905539, 1026397, 884254, 929106, 898152, 927103, 976876, 881786, 954548, 980523, 863516, 881687, 899777, 907290, 1009232, 958729, 959060, 953021, 1218231, 932397, 930640, 943058, 932967, 938836, 920812, 926274, 1024258, 937363, 906643, 903916, 887090, 916702, 861008, 868361, 929897, 929149, 978870, 933423, 819077, 846062, 956868, 895132, 912128, 948186, 1070280, 928924, 937512, 922091, 948262, 995286, 963396, 914806, 921906, 959442, 915465, 957345, 870339, 888945
61147944, 6, 6, 6, 6, 6, 6, 6, 6, 6, 6, 6, 6, 6, 6, 6, 6, 6, 6, 6, 6, 6, 6, 6, 6, 6, 6, 6, 6, 6, 6, 6, 6, 6, 6, 6, 6, 6, 6, 6, 6, 6, 6, 6, 6, 6, 6, 6, 6, 6, 6, 6, 6, 6, 6, 6, 6, 6, 6, 6, 6, 6, 6, 6
60544487, 6, 6, 6, 6, 6, 6, 6, 6, 6, 6, 6, 6, 6, 6, 6, 6, 6, 6, 6, 6, 6, 6, 6, 6, 6, 6, 6, 6, 6, 6, 6, 6, 6, 6, 6, 6, 6, 6, 6, 6, 6, 6, 6, 6, 6, 6, 6, 6, 6, 6, 6, 6, 6, 6, 6, 6, 6, 6, 6, 6, 6, 6, 6
61124297, 6, 6, 6, 6, 6, 6, 6, 6, 6, 6, 6, 6, 6, 6, 6, 6, 6, 6, 6, 6, 6, 6, 6, 6, 6, 6, 6, 6, 6, 6, 6, 6, 6, 6, 6, 6, 6, 6, 6, 6, 6, 6, 6, 6, 6, 6, 6, 6, 6, 6, 6, 6, 6, 6, 6, 6, 6, 6, 6, 6, 6, 6, 6
60376208, 6, 6, 6, 6, 6, 6, 6, 6, 6, 6, 6, 6, 6, 6, 6, 6, 6, 6, 6, 6, 6, 6, 6, 6, 6, 6, 6, 6, 6, 6, 6, 6, 6, 6, 6, 6, 6, 6, 6, 6, 6, 6, 6, 6, 6, 6, 6, 6, 6, 6, 6, 6, 6, 6, 6, 6, 6, 6, 6, 6, 6, 6, 6
60383608, 6, 6, 6, 6, 6, 6, 6, 6, 6, 6, 6, 6, 6, 6, 6, 6, 6, 6, 6, 6, 6, 6, 6, 6, 6, 6, 6, 6, 6, 6, 6, 6, 6, 6, 6, 6, 6, 6, 6, 6, 6, 6, 6, 6, 6, 6, 6, 6, 6, 6, 6, 6, 6, 6, 6, 6, 6, 6, 6, 6, 6, 6, 6
60328120, 6, 6, 6, 6, 6, 6, 6, 6, 6, 6, 6, 6, 6, 6, 6, 6, 6, 6, 6, 6, 6, 6, 6, 6, 6, 6, 6, 6, 6, 6, 6, 6, 6, 6, 6, 6, 6, 6, 6, 6, 6, 6, 6, 6, 6, 6, 6, 6, 6, 6, 6, 6, 6, 6, 6, 6, 6, 6, 6, 6, 6, 6, 6
61052822, 6, 6, 6, 6, 6, 6, 6, 6, 6, 6, 6, 6, 6, 6, 6, 6, 6, 6, 6, 6, 6, 6, 6, 6, 6, 6, 6, 6, 6, 6, 6, 6, 6, 6, 6, 6, 6, 6, 6, 6, 6, 6, 6, 6, 6, 6, 6, 6, 6, 6, 6, 6, 6, 6, 6, 6, 6, 6, 6, 6, 6, 6, 6
60424312, 6, 6, 6, 6, 6, 6, 6, 6, 6, 6, 6, 6, 6, 6, 6, 6, 6, 6, 6, 6, 6, 6, 6, 6, 6, 6, 6, 6, 6, 6, 6, 6, 6, 6, 6, 6, 6, 6, 6, 6, 6, 6, 6, 6, 6, 6, 6, 6, 6, 6, 6, 6, 6, 6, 6, 6, 6, 6, 6, 6, 6, 6, 6
60441423, 6, 6, 6, 6, 6, 6, 6, 6, 6, 6, 6, 6, 6, 6, 6, 6, 6, 6, 6, 6, 6, 6, 6, 6, 6, 6, 6, 6, 6, 6, 6, 6, 6, 6, 6, 6, 6, 6, 6, 6, 6, 6, 6, 6, 6, 6, 6, 6, 6, 6, 6, 6, 6, 6, 6, 6, 6, 6, 6, 6, 6, 6, 6
60538387, 6, 6, 6, 6, 6, 6, 6, 6, 6, 6, 6, 6, 6, 6, 6, 6, 6, 6, 6, 6, 6, 6, 6, 6, 6, 6, 6, 6, 6, 6, 6, 6, 6, 6, 6, 6, 6, 6, 6, 6, 6, 6, 6, 6, 6, 6, 6, 6, 6, 6, 6, 6, 6, 6, 6, 6, 6, 6, 6, 6, 6, 6, 6
60478062, 6, 6, 6, 6, 6, 6, 6, 6, 6, 6, 6, 6, 6, 6, 6, 6, 6, 6, 6, 6, 6, 6, 6, 6, 6, 6, 6, 6, 6, 6, 6, 6, 6, 6, 6, 6, 6, 6, 6, 6, 6, 6, 6, 6, 6, 6, 6, 6, 6, 6, 6, 6, 6, 6, 6, 6, 6, 6, 6, 6, 6, 6, 6
60342339, 6, 6, 6, 6, 6, 6, 6, 6, 6, 6, 6, 6, 6, 6, 6, 6, 6, 6, 6, 6, 6, 6, 6, 6, 6, 6, 6, 6, 6, 6, 6, 6, 6, 6, 6, 6, 6, 6, 6, 6, 6, 6, 6, 6, 6, 6, 6, 6, 6, 6, 6, 6, 6, 6, 6, 6, 6, 6, 6, 6, 6, 6, 6
60465894, 6, 6, 6, 6, 6, 6, 6, 6, 6, 6, 6, 6, 6, 6, 6, 6, 6, 6, 6, 6, 6, 6, 6, 6, 6, 6, 6, 6, 6, 6, 6, 6, 6, 6, 6, 6, 6, 6, 6, 6, 6, 6, 6, 6, 6, 6, 6, 6, 6, 6, 6, 6, 6, 6, 6, 6, 6, 6, 6, 6, 6, 6, 6
60351214, 6, 6, 6, 6, 6, 6, 6, 6, 6, 6, 6, 6, 6, 6, 6, 6, 6, 6, 6, 6, 6, 6, 6, 6, 6, 6, 6, 6, 6, 6, 6, 6, 6, 6, 6, 6, 6, 6, 6, 6, 6, 6, 6, 6, 6, 6, 6, 6, 6, 6, 6, 6, 6, 6, 6, 6, 6, 6, 6, 6, 6, 6, 6
925358, 931360, 855796, 899357, 962838, 1015869, 896036, 891851, 929012, 932596, 911028, 940252, 986352, 966708, 938005, 936739, 942256, 960517, 905082, 844700, 838379, 799170, 946306, 1059648, 939545, 1024351, 1000685, 936658, 830996, 969099, 1096496, 939988, 947887, 951392, 1151672, 903036, 966176, 887402, 965637, 1005320, 896098, 866548, 957392, 876015, 982608, 1000412, 1032794, 877667, 836903, 959044, 980111, 918712, 863413, 933304, 900006, 904412, 1006721, 826975, 937779, 971103, 810376, 900379, 915383, 921435
60297203, 6, 6, 6, 6, 6, 6, 6, 6, 6, 6, 6, 6, 6, 6, 6, 6, 6, 6, 6, 6, 6, 6, 6, 6, 6, 6, 6, 6, 6, 6, 6, 6, 6, 6, 6, 6, 6, 6, 6, 6, 6, 6, 6, 6, 6, 6, 6, 6, 6, 6, 6, 6, 6, 6, 6, 6, 6, 6, 6, 6, 6, 6, 6
59241774, 14972, 20457, 12165, 39699, 15568, 15471, 16565, 18725, 11888, 22158, 15840, 12929, 38292, 18410, 13939, 19003, 18883, 24561, 27448, 14107, 16321, 29559, 49155, 34964, 17629, 20319, 19274, 19624, 28115, 15634, 19888, 14817, 20650, 16958, 20846, 14683, 18597, 22331, 21857, 21980, 24125, 12639, 19114, 18324, 17185, 18795, 18676, 12175, 27108, 18475, 28649, 18114, 16648, 21099, 16619, 30059, 14929, 15460, 12392, 13134, 24894, 13624, 17169
60395848, 6, 6, 6, 6, 6, 6, 6, 6, 6, 6, 6, 6, 6, 6, 6, 6, 6, 6, 6, 6, 6, 6, 6, 6, 6, 6, 6, 6, 6, 6, 6, 6, 6, 6, 6, 6, 6, 6, 6, 6, 6, 6, 6, 6, 6, 6, 6, 6, 6, 6, 6, 6, 6, 6, 6, 6, 6, 6, 6, 6, 6, 6, 6
60319836, 6, 6, 6, 6, 6, 6, 6, 6, 6, 6, 6, 6, 6, 6, 6, 6, 6, 6, 6, 6, 6, 6, 6, 6, 6, 6, 6, 6, 6, 6, 6, 6, 6, 6, 6, 6, 6, 6, 6, 6, 6, 6, 6, 6, 6, 6, 6, 6, 6, 6, 6, 6, 6, 6, 6, 6, 6, 6, 6, 6, 6, 6, 6
866865, 955029, 916895, 988939, 928798, 891997, 972409, 924313, 879081, 1018668, 927248, 905619, 1016152, 861127, 919302, 899950, 897504, 925738, 986660, 929357, 919927, 908853, 985231, 896594, 941381, 1007263, 926737, 882144, 912410, 835491, 954213, 924618, 978346, 971006, 898050, 901484, 862259, 988710, 902222, 1002356, 882158, 948064, 878734, 1018069, 902681, 904177, 926444, 933547, 899847, 946339, 917756, 889848, 978154, 945877, 893666, 988911, 881841, 886442, 1226595, 997114, 863995, 984724, 886601, 1038766
875333, 915384, 1094210, 850394, 973049, 840532, 941011, 892123, 932288, 909326, 845740, 873615, 914115, 915942, 908034, 927811, 948007, 919681, 824230, 925744, 946496, 954371, 1152101, 1088976, 883003, 1024875, 952762, 914723, 933033, 992450, 890041, 973244, 983662, 894674, 875319, 950996, 928586, 977073, 929421, 922337, 873706, 955078, 840585, 852323, 1026384, 934979, 838995, 946467, 972158, 986211, 939479, 978062, 918014, 1026308, 944108, 927377, 896007, 912787, 902434, 907290, 865658, 892943, 1067328, 1043040
964632, 864554, 935280, 963140, 909543, 1033018, 844697, 884135, 963933, 857294, 1018281, 995588, 1027260, 962000, 885675, 1007675, 923266, 907995, 887425, 940614, 858051, 872760, 890616, 886381, 915790, 957977, 1175700, 937654, 847371, 940256, 1208272, 877365, 992583, 875362, 976053, 847414, 1083243, 895355, 951947, 836430, 879842, 933237, 896219, 868767, 926208, 882264, 1038448, 965080, 909762, 826815, 941951, 964293, 1013909, 922569, 862523, 897969, 931183, 945077, 933768, 942312, 870528, 874680, 997039, 1010697
992180, 919744, 883022, 960462, 993744, 966910, 922704, 841776, 873877, 978963, 887692, 904108, 888886, 895582, 966656, 1041589, 926871, 859731, 934663, 888525, 905572, 922715, 867106, 850276, 1075367, 1010265, 888671, 853512, 957872, 931045, 939746, 926277, 848438, 841135, 961947, 920405, 1099836, 932679, 920004, 976163, 870081, 961949, 950345, 982756, 902703, 926620, 969104, 909789, 983266, 1009252, 933947, 988351, 982373, 864812, 970181, 892639, 931081, 917772, 986732, 869987, 1009072, 985281, 912297, 945465
971311, 923433, 933799, 951808, 914503, 994138, 994141, 950767, 911749, 901965, 904126, 1082126, 851822, 966809, 926058, 842012, 845864, 952322, 904018, 879623, 873758, 1045372, 1059354, 1009162, 925808, 912686, 997280, 891559, 934191, 910447, 910327, 907513, 1007327, 932624, 911428, 984186, 984310, 910788, 883148, 862913, 876916, 943851, 1060326, 918551, 954450, 926801, 966722, 969781, 840463, 999739, 903147, 948920, 915209, 837563, 931746, 898020, 921175, 942212, 935945, 930416, 929598, 1018918, 913750, 856309
60478887, 6, 6, 6, 6, 6, 6, 6, 6, 6, 6, 6, 6, 6, 6, 6, 6, 6, 6, 6, 6, 6, 6, 6, 6, 6, 6, 6, 6, 6, 6, 6, 6, 6, 6, 6, 6, 6, 6, 6, 6, 6, 6, 6, 6, 6, 6, 6, 6, 6, 6, 6, 6, 6, 6, 6, 6, 6, 6, 6, 6, 6, 6, 6
864696, 930275, 968422, 941809, 916692, 952365, 909138, 878808, 954627, 1058394, 932420, 984637, 816383, 945546, 1040501, 940680, 875067, 920410, 933166, 941337, 920106, 971630, 865595, 915641, 853120, 885159, 924612, 977099, 851246, 1011658, 929811, 913786, 895090, 933539, 969186, 854343, 911775, 883221, 850233, 876989, 858631, 908507, 1040264, 834495, 872236, 1045766, 906869, 878742, 940790, 992107, 958341, 889782, 979534, 909689, 1001443, 1069167, 888735, 906187, 924495, 950491, 920387, 1126492, 1049252, 981402
884205, 907025, 866567, 970214, 900843, 887596, 962443, 907374, 1049714, 877310, 892835, 947970, 879208, 1007232, 1017798, 874978, 864252, 900027, 928549, 1003676, 900443, 962943, 986337, 963130, 930400, 969781, 912941, 839410, 925409, 897407, 943276, 912506, 879923, 881278, 942351, 955235, 931528, 865584, 996387, 900893, 933230, 1098977, 919046, 903457, 904983, 998031, 1005430, 976119, 913144, 950318, 897101, 924907, 867548, 1097599, 944375, 915870, 861711, 881788, 908796, 1000213, 1128399, 960742, 895488, 967302
888532, 913949, 778911, 918852, 926561, 874373, 975630, 896065, 884484, 887313, 1028357, 853219, 888543, 825718, 831616, 1002435, 878429, 872778, 858025, 945675, 993988, 960202, 903573, 971413, 905111, 900688, 1042973, 862831, 868666, 903747, 859543, 873286, 1043588, 946343, 1139744, 959335, 905770, 889150, 981582, 871601, 925387, 1011439, 884790, 1039208, 985807, 901610, 938594, 917190, 965639, 891957, 992983, 1029033, 863075, 958544, 819882, 950106, 1287872, 965670, 866813, 1006779, 877879, 1002449, 1089802, 878795
995215, 882501, 939364, 886422, 901926, 937612, 921803, 934046, 897232, 1004936, 908444, 973546, 931074, 923453, 944617, 911737, 960877, 931265, 1056569, 978890, 991627, 945272, 970912, 931868, 984206, 954426, 1059846, 949231, 906708, 936927, 976119, 892264, 969599, 956527, 881933, 921236, 965558, 1018114, 995714, 905193, 937292, 1071869, 927343, 905839, 880842, 885250, 930071, 873756, 922104, 912072, 908808, 929850, 942127, 866870, 843868, 924631, 860885, 923058, 1052728, 832101, 905325, 902895, 932300, 889389
926917, 871218, 949915, 896878, 962537, 974185, 923270, 979330, 950660, 942162, 922241, 921090, 882557, 919127, 870362, 1040716, 942238, 904630, 981538, 1072086, 874426, 962627, 884754, 970540, 918264, 928458, 910470, 1029107, 899033, 1043281, 902745, 964310, 844560, 880197, 896790, 907703, 941021, 956770, 984230, 882082, 878884, 940497, 905746, 906739, 887413, 993324, 887728, 894165, 915540, 915463, 911032, 892549, 972400, 977367, 928237, 971422, 965938, 895234, 901887, 944590, 971353, 964682, 975195, 922273
912941, 863136, 959083, 869509, 1212271, 965464, 939365, 872941, 1009419, 956533, 937105, 916187, 939174, 975789, 919506, 943720, 908438, 915791, 828037, 909295, 1019925, 1030692, 956840, 973152, 869512, 878766, 917643, 953798, 854505, 952298, 949223, 929399, 928792, 940053, 932821, 928659, 939763, 979195, 968038, 875279, 920536, 912296, 930896, 896565, 849347, 953942, 1002277, 900706, 991341, 852465, 891982, 936006, 930527, 866635, 969636, 1020580, 930554, 904375, 951714, 917549, 927252, 1042371, 933316, 896341
908526, 964131, 908463, 1057860, 913231, 1253439, 960710, 858422, 992118, 874155, 1007147, 906178, 958628, 933162, 996763, 973102, 855842, 942541, 943379, 951338, 791532, 882766, 982449, 978331, 906256, 892037, 849536, 908550, 933236, 947317, 924930, 973000, 831855, 934874, 881532, 950182, 942580, 991591, 952471, 948417, 953562, 910437, 879424, 943130, 926490, 933758, 1004680, 953995, 859343, 882145, 938302, 891045, 966954, 857273, 888667, 1001595, 866888, 923664, 966131, 953476, 928533, 953129, 925051, 864770
868673, 910112, 934643, 921508, 887569, 903726, 1028064, 1002399, 961284, 920474, 895642, 937695, 940809, 1024961, 933909, 961788, 946816, 965061, 958868, 934425, 971908, 982992, 958639, 966349, 888056, 919706, 884500, 918599, 901475, 922463, 915202, 928032, 940411, 1015627, 880897, 912006, 861162, 927874, 893142, 1004763, 906425, 999714, 840529, 956685, 969967, 986881, 887471, 1058622, 921328, 875293, 896839, 954497, 910849, 932827, 966297, 882576, 974348, 936828, 854557, 897049, 1046960, 949295, 936451, 902181
857491, 966935, 1009341, 999368, 1035085, 924709, 943312, 983015, 866885, 925562, 909695, 905881, 949612, 949736, 1030005, 908043, 864037, 905363, 966200, 976274, 927308, 973447, 914013, 973717, 984789, 983816, 1051058, 869235, 947259, 910027, 929414, 1053347, 853538, 942087, 909420, 868637, 839627, 963596, 960304, 948070, 1013614, 795717, 879629, 925134, 1005673, 1004508, 897672, 896334, 917405, 959353, 1019387, 880369, 941215, 902445, 988491, 889664, 1011582, 859079, 924895, 913973, 896301, 870834, 857116, 889494
908083, 924920, 902169, 1019509, 919152, 936219, 877744, 981800, 890707, 923645, 864905, 977681, 931984, 891824, 1050897, 955825, 940758, 1002811, 887639, 795628, 870620, 826982, 928093, 997097, 955230, 1004106, 935839, 891562, 905511, 1092968, 963637, 944404, 1032883, 910538, 885856, 997237, 942103, 801085, 915539, 1012437, 1020942, 921939, 910682, 960846, 966984, 914831, 927163, 903373, 949662, 916591, 964249, 941525, 830018, 906989, 966656, 848092, 911188, 921171, 959799, 950569, 951528, 942887, 1016826, 973296
1044958, 856872, 922103, 894072, 892033, 895260, 944248, 1002014, 956818, 880859, 796887, 1017192, 1033964, 926409, 897600, 1012334, 910193, 889510, 930440, 938840, 875170, 869278, 837301, 868660, 944451, 884245, 882900, 979450, 926259, 960075, 947346, 927539, 999048, 895154, 939104, 967356, 899855, 929051, 855137, 993309, 987070, 1102420, 861411, 923732, 896227, 910903, 885435, 832050, 960840, 904726, 861542, 882761, 928235, 1008849, 993122, 1295183, 903575, 962831, 1037490, 992068, 904735, 876797, 884108, 949656
914594, 989965, 869473, 936441, 927690, 925284, 1008151, 934860, 973527, 1065910, 1010187, 1095495, 871889, 873467, 960232, 1053937, 1005738, 924210, 889598, 922381, 814167, 924039, 941092, 890885, 848705, 942513, 930695, 1008202, 891792, 901707, 880512, 853135, 849960, 940389, 982696, 881290, 907891, 840200, 831974, 1011256, 982039, 975822, 925717, 915523, 932903, 972560, 934155, 914845, 868390, 1005118, 947772, 894283, 1039051, 956679, 996433, 935920, 963594, 1016027, 862329, 929565, 883779, 857571, 918168, 909296
956286, 1053683, 901413, 1087068, 836904, 973679, 967906, 1111256, 908951, 1006242, 882064, 936708, 865814, 841178, 1022127, 1018526, 911474, 998990, 917949, 922706, 985544, 901375, 952527, 964083, 980246, 886913, 865503, 899957, 915706, 895222, 934915, 889023, 919199, 987010, 878106, 927643, 956889, 912169, 922793, 1067760, 983558, 934871, 882811, 906426, 896292, 889499, 893622, 881493, 867264, 861929, 968025, 877860, 948083, 819844, 876067, 884584, 935704, 877514, 940857, 1010771, 860654, 1056901, 1033192, 1012159
975625, 874641, 880031, 864781, 970756, 823303, 887692, 968778, 994056, 934257, 921273, 942443, 880769, 898783, 856056, 1234850, 895426, 969816, 899418, 827159, 911773, 961851, 1023885, 828179, 996840, 1000407, 897407, 936425, 880772, 1001396, 1034458, 909958, 887134, 1009393, 940811, 994028, 865429, 1050046, 974240, 909373, 878530, 910601, 905202, 877547, 900609, 967968, 921411, 1046195, 993294, 971116, 896450, 903843, 883563, 953017, 890333, 1076836, 869331, 851615, 867317, 908099, 1088549, 875449, 877236, 882167
913973, 914908, 875349, 934192, 846095, 922795, 1080513, 984375, 937250, 916129, 1060379, 1100393, 1010487, 899723, 904172, 991650, 953228, 854918, 923283, 856444, 898156, 965558, 929391, 859544, 922366, 955249, 1004686, 1071629, 1009951, 965119, 837292, 869167, 888738, 880677, 895674, 920391, 858912, 968052, 903979, 926616, 916897, 927261, 862970, 945209, 883166, 903250, 927863, 881103, 1063921, 1000132, 907566, 983582, 867600, 861870, 873690, 1008819, 962131, 915430, 1103837, 880788, 912520, 858737, 893746, 973732
931909, 870576, 900371, 940490, 893155, 869676, 863256, 1080266, 992297, 1003076, 1097086, 812918, 885736, 979908, 851653, 1053055, 989093, 1082771, 970631, 990518, 913499, 935862, 941110, 918762, 966599, 1060706, 1005376, 977974, 905692, 921941, 903271, 864432, 896991, 947082, 910923, 904300, 880106, 1034767, 888399, 933326, 930586, 932737, 861386, 1043176, 814521, 893582, 970768, 924359, 851940, 823343, 1002724, 1050308, 889267, 835115, 939260, 990609, 914397, 818455, 892462, 914409, 794251, 912215, 1058540, 955199
888742, 891579, 883140, 933210, 882012, 910491, 862933, 917878, 1022696, 893757, 872292, 915068, 931701, 981846, 947100, 874047, 964651, 884472, 931259, 881863, 876661, 923986, 875015, 963166, 1028358, 948862, 877096, 927428, 938194, 1059676, 980725, 942301, 918947, 871228, 977545, 953006, 928498, 907439, 921029, 973291, 942069, 925364, 978200, 971964, 970728, 919831, 933038, 968052, 989496, 965857, 896462, 953056, 920169, 943426, 1068824, 940588, 1013604, 985589, 904731, 946401, 973058, 909524, 897408, 842199
958419, 827026, 982893, 948963, 931842, 998101, 865106, 911300, 961430, 910452, 1020581, 1031404, 960254, 863647, 912115, 948776, 963502, 1005672, 929143, 915230, 853198, 870810, 956296, 1033291, 936659, 894319, 926572, 996912, 921039, 905947, 889514, 913565, 884425, 965750, 917109, 1000883, 917537, 874528, 853080, 1023176, 976631, 963278, 875871, 958021, 905299, 878911, 915144, 894422, 1008013, 946173, 971785, 908929, 827586, 942893, 986571, 994911, 924132, 835531, 899767, 919761, 1023207, 913687, 990247, 913850
1018394, 939581, 875158, 901039, 989283, 899251, 1027322, 930620, 924692, 833747, 887879, 895259, 935679, 819114, 990823, 953197, 977876, 958606, 1003814, 988872, 906343, 958995, 921691, 924205, 965354, 889029, 910446, 952347, 976884, 879204, 944599, 875629, 1001951, 884122, 906923, 1009640, 954712, 914122, 872938, 850198, 839523, 1010893, 910163, 945614, 890693, 1035824, 913100, 937421, 831506, 968641, 944951, 971508, 1014119, 982959, 943001, 918182, 942152, 999293, 961564, 913171, 900025, 906548, 923440, 889552
883666, 858404, 1030384, 1014459, 960890, 837934, 887736, 1029483, 935913, 822780, 962624, 950660, 845558, 892516, 954366, 947529, 921065, 927972, 985092, 995484, 968095, 855164, 866800, 929212, 900098, 834022, 938106, 971724, 910611, 1000825, 966697, 892877, 953742, 855600, 979615, 963278, 1042194, 902868, 904808, 945435, 1071999, 975841, 899312, 947743, 937946, 852318, 1001765, 954274, 887730, 995112, 900816, 864246, 903274, 947320, 854421, 1064258, 926958, 962905, 829059, 903350, 892455, 930002, 964880, 1062329
917634, 964636, 898851, 1043866, 850961, 899629, 970257, 836645, 881440, 929976, 896107, 899071, 891659, 917855, 862651, 909394, 870453, 924344, 937007, 918185, 952299, 855375, 897372, 942105, 906745, 995240, 877333, 1059656, 873957, 896561, 935683, 952214, 944107, 926540, 936630, 990212, 958186, 896184, 914934, 867532, 982813, 863989, 917964, 940981, 892805, 1014351, 942721, 969157, 967569, 957153, 1110509, 892823, 979593, 986245, 1175187, 953854, 910546, 916941, 979500, 831016, 1069255, 847311, 897280, 958342
932037, 1003542, 922699, 893222, 940117, 922843, 1089421, 1042928, 907620, 926119, 915636, 973421, 959774, 879556, 894943, 998259, 892313, 970414, 987949, 906509, 893610, 914727, 892125, 911546, 900350, 876087, 945319, 904242, 898875, 977305, 933941, 1033167, 893335, 956296, 887116, 954239, 890630, 953592, 914071, 875742, 879918, 941340, 930359, 1021055, 853612, 926855, 861408, 877028, 938924, 1002996, 925452, 953108, 968939, 971423, 1003961, 910442, 950485, 895079, 945960, 827603, 941568, 941568, 959728, 946291
990805, 905262, 1022330, 857120, 774419, 927855, 973213, 877259, 928264, 992965, 945409, 914760, 945120, 1017747, 996051, 912742, 937757, 969248, 1045370, 1016094, 851994, 947429, 993389, 874799, 896595, 922832, 894902, 918631, 813175, 944107, 889383, 890913, 946213, 914392, 943834, 998873, 936318, 975195, 932825, 1020122, 944482, 959070, 942127, 966713, 932574, 859526, 895554, 940612, 898913, 886280, 1010470, 872055, 831244, 996393, 968756, 919028, 929627, 864834, 934456, 1010503, 906844, 920128, 962769, 921401
983289, 946983, 927814, 918811, 934239, 1063169, 951306, 924153, 951586, 1004537, 812198, 931126, 944797, 873987, 995432, 954521, 942999, 1001420, 821363, 939061, 972083, 911752, 889963, 905829, 920603, 914198, 898577, 902132, 866309, 854004, 920312, 954031, 943519, 977676, 866830, 969879, 888488, 990013, 960305, 967789, 882431, 1174362, 888134, 903311, 881938, 916896, 893676, 908585, 989573, 812235, 926044, 943759, 960149, 923095, 996882, 936406, 954838, 967305, 943187, 974851, 891991, 992267, 888431, 908445
872752, 867639, 975109, 1032560, 957887, 884595, 873153, 898632, 869417, 947880, 857075, 988340, 845411, 894760, 907077, 921454, 948116, 937885, 909245, 1066967, 884773, 921858, 943766, 1041152, 955544, 960013, 973108, 953141, 862082, 898299, 936272, 935314, 1002415, 927250, 943938, 919414, 1013513, 924882, 914158, 957009, 958525, 895863, 976577, 909664, 928985, 947614, 965539, 908474, 905201, 1009952, 879035, 944375, 931721, 933334, 939855, 892412, 952427, 901664, 943471, 1009430, 919646, 951027, 987403, 947949
923338, 865339, 1025457, 1023797, 1028328, 837852, 897621, 861350, 928028, 910100, 948969, 964483, 916534, 865524, 856635, 1024064, 895433, 897551, 891317, 903600, 961643, 850009, 899584, 923789, 883551, 876238, 941684, 853701, 907144, 885385, 874043, 1000108, 881344, 932085, 854059, 989204, 1092372, 869459, 950589, 1005326, 961082, 1012997, 875606, 997518, 1015358, 892904, 900881, 1066025, 890657, 922045, 924218, 919853, 982166, 863241, 1027630, 912081, 1032974, 898827, 927060, 1002210, 1046097, 843270, 963656, 957706
976546, 953930, 916043, 965798, 1005345, 921566, 873844, 838792, 1017730, 998427, 919991, 905029, 956715, 917886, 993064, 891813, 949864, 987667, 978452, 872444, 1076979, 889670, 980235, 942887, 906055, 911317, 879879, 965881, 1039979, 943254, 899845, 930691, 871386, 938914, 925426, 915933, 904263, 892937, 892695, 954594, 951170, 1000534, 920599, 850569, 886478, 942067, 950308, 957022, 896446, 963745, 864474, 1061476, 900559, 890016, 1075552, 867660, 828347, 859706, 905986, 940603, 913445, 1016777, 910428, 926225
953235, 915594, 1038930, 957599, 973787, 897215, 911401, 938087, 874827, 855906, 953269, 879874, 875447, 943111, 982029, 927087, 807443, 975553, 981378, 921991, 932749, 888872, 935617, 949809, 890801, 936847, 822245, 939260, 1034235, 863787, 924980, 876509, 896216, 1015475, 877430, 939536, 926073, 870256, 915980, 933980, 1052973, 952085, 895407, 920780, 889693, 1006448, 1009164, 977286, 1059347, 958128, 973843, 896228, 925939, 936490, 924190, 972802, 885940, 973768, 845531, 1016004, 952025, 897362, 939412, 936047
843967, 926223, 916354, 970680, 995188, 903671, 858518, 919942, 961021, 873981, 924319, 990684, 963715, 1020645, 913053, 935164, 863367, 981051, 856130, 1042930, 895242, 944286, 876439, 913392, 891733, 848018, 920837, 902779, 980755, 1141682, 932490, 975496, 1049501, 1007639, 1013414, 1055694, 955878, 920016, 1032190, 872405, 934568, 935554, 967389, 872501, 968068, 969031, 944365, 882016, 899790, 875553, 904833, 890445, 924724, 880843, 896110, 903930, 907559, 901404, 929963, 1002639, 892478, 881085, 943898, 917014
949006, 928097, 998995, 973883, 906588, 854995, 981152, 883327, 903827, 886123, 892956, 854719, 1090498, 867708, 865410, 941133, 901163, 879200, 889523, 898331, 965068, 954594, 948642, 843850, 939606, 1058649, 931397, 898415, 1118071, 938237, 890801, 972070, 871758, 1012402, 972898, 1071159, 937138, 925251, 892357, 905200, 906411, 970114, 923081, 931947, 915088, 857504, 861835, 897135, 991367, 923763, 976142, 997771, 895625, 913552, 938649, 901792, 910187, 1022563, 896067, 1044952, 912986, 912737, 960167, 1005551
1037938, 917431, 957796, 978756, 854574, 927543, 1099410, 917065, 923120, 936914, 911813, 974594, 1003120, 923498, 898527, 918063, 862334, 1001784, 995892, 946730, 952589, 904704, 987660, 985312, 900098, 900424, 936541, 857627, 903247, 897016, 1046536, 973748, 898651, 918560, 975751, 858531, 1008388, 950672, 975535, 963394, 913582, 893302, 905967, 871961, 903964, 919528, 928045, 958695, 907117, 945393, 882141, 828739, 980963, 794363, 988710, 908032, 901469, 859351, 994418, 936868, 949754, 973035, 927265, 905573
956183, 945852, 958560, 1048016, 932721, 840458, 836770, 926167, 832096, 1024867, 961568, 874113, 1037944, 884061, 976745, 951461, 973389, 979464, 912716, 894259, 951276, 929038, 935938, 1149921, 962190, 870981, 926632, 945028, 979038, 1090334, 987261, 953589, 998517, 916219, 919412, 928073, 944437, 899547, 911576, 897768, 885692, 880875, 925307, 877256, 889851, 901333, 944936, 888069, 789155, 941130, 980191, 977261, 955047, 930418, 878970, 876754, 945147, 929857, 1017502, 857491, 907815, 989558, 1040316, 829124
980558, 864427, 940742, 1040949, 832698, 902145, 898836, 976980, 856128, 954951, 991132, 878558, 964057, 934799, 898410, 1016521, 854896, 895329, 864415, 944282, 1020941, 963258, 902385, 949178, 942585, 944733, 920231, 942374, 994533, 892090, 963768, 878637, 955257, 1050581, 878177, 914696, 945764, 859045, 982037, 928117, 965094, 1015266, 887492, 946914, 966470, 927405, 885520, 946955, 954647, 938659, 844623, 832529, 941980, 955400, 979890, 834080, 961786, 1033554, 1001244, 1038243, 884882, 1033417, 859344, 803137
1532850, 1531862, 1532983, 1532242, 1532717, 1532565, 1532584, 1532717, 1532546, 1533401, 1532299, 1531463, 1532983, 1533173, 1532717, 1531957, 1532337, 1532774, 1532527, 1533268, 1532546, 1532261, 1530779, 1531786, 1532375, 1531881, 1532223, 1532945, 1533629, 1532774, 1532812, 1532261, 1532698, 1532071, 1532375, 1531976, 1532755, 1531653, 1532907, 1532831, 1533287, 1532451, 1532869, 1532945, 1531900, 1532394, 1532128, 1533629, 1532888, 1532907, 1532622, 1532109, 1532907, 1532508, 1531900, 1531976, 1532926, 1532850, 1533857, 1532223, 1532736, 1531786, 1533059, 1532204
1687301, 1687301, 1687358, 1687833, 1687890, 1687567, 1687130, 1687396, 1687928, 1687662, 1687149, 1687662, 1687434, 1687814, 1688308, 1687757, 1687586, 1687757, 1688042, 1687814, 1687073, 1687149, 1686522, 1688669, 1687567, 1687871, 1686883, 1686408, 1688061, 1687263, 1687928, 1686902, 1687263, 1688004, 1688137, 1687719, 1688308, 1687396, 1686940, 1687529, 1688403, 1687054, 1688042, 1688023, 1687472, 1687377, 1687301, 1687054, 1688137, 1688802, 1686674, 1687320, 1687130, 1687111, 1688023, 1686142, 1688042, 1686826, 1687871, 1687396, 1687415, 1687909, 1687225, 1688023
1533268, 1532660, 1532185, 1532280, 1531254, 1532717, 1533154, 1532660, 1532204, 1532527, 1532489, 1532850, 1533116, 1532508, 1532318, 1532356, 1532983, 1532907, 1531501, 1532869, 1532907, 1532964, 1532128, 1530931, 1532223, 1532907, 1533363, 1532964, 1532109, 1532394, 1531919, 1532185, 1532622, 1533458, 1532166, 1533268, 1532109, 1532926, 1532888, 1532413, 1532964, 1531710, 1532546, 1532622, 1532717, 1532831, 1533097, 1531881, 1533135, 1531330, 1532755, 1532641, 1532318, 1532907, 1533287, 1531900, 1532603, 1532413, 1532508, 1532394, 1533724, 1531349, 1533135, 1532147
1628857, 1628154, 1629427, 1628990, 1629237, 1628933, 1628933, 1629237, 1629161, 1629294, 1629541, 1629161, 1629199, 1630016, 1628192, 1628629, 1627698, 1629256, 1629693, 1628249, 1628344, 1629617, 1629579, 1629883, 1628515, 1629864, 1629180, 1630035, 1629180, 1628724, 1629503, 1628325, 1629009, 1628971, 1628724, 1629199, 1627755, 1628173, 1628572, 1627983, 1628192, 1628667, 1628895, 1629332, 1629636, 1628819, 1629142, 1628876, 1628933, 1628990, 1629655, 1629142, 1629275, 1629883, 1628553, 1629123, 1628439, 1628857, 1629731, 1628458, 1628553, 1628458, 1629294, 1628553
494201, 511923, 478985, 553927, 517373, 659439, 524763, 537306, 523276, 498719, 546009, 511241, 444852, 560999, 541590, 489341, 500782, 516412, 476869, 530228, 605330, 510060, 594503, 509884, 574646, 551056, 484081, 514322, 501820, 544341, 508980, 485897, 769688, 522452, 549058, 558466, 722673, 493293, 490537, 489318, 583721, 461762, 561737, 533461, 553858, 543698, 511108, 490192, 554516, 575654, 557271, 509695, 505735, 533379, 501857, 460007, 512875, 468561, 570195, 629117, 589536, 517171, 535352, 498521
645360, 645246, 645588, 644999, 645455, 645151, 645303, 645284, 645531, 645151, 645094, 645208, 644866, 645379, 644942, 645645, 645303, 645607, 645151, 645227, 645094, 645094, 645075, 645322, 645094, 645455, 645550, 645265, 645094, 645493, 645208, 645113, 645455, 644733, 645531, 645208, 645132, 645645, 645227, 645094, 645322, 644961, 645455, 645037, 645056, 645170, 645246, 645113, 645436, 645056, 645246, 645379, 645322, 645265, 645303, 645531, 644904, 645322, 645284, 645170, 645170, 645284, 645284, 644980
