423048960000000.000000
15211584000000.000000
14961024000000.000000
15977088000000.000000
14741568000000.000000
15094080000000.000000
15261696000000.000000
14294016000000.000000
14869440000000.000000
15050880000000.000000
15446592000000.000000
14451264000000.000000
15645312000000.000000
15785280000000.000000
14772672000000.000000
15081984000000.000000
14575680000000.000000
15277248000000.000000
15384384000000.000000
15284160000000.000000
15645312000000.000000
14539392000000.000000
15183936000000.000000
14615424000000.000000
15068160000000.000000
14931648000000.000000
15292800000000.000000
15522624000000.000000
14821056000000.000000
15268608000000.000000
13972608000000.000000
14319936000000.000000
14389056000000.000000
14428800000000.000000
15094080000000.000000
15273792000000.000000
15634944000000.000000
15042240000000.000000
14886720000000.000000
14679360000000.000000
14961024000000.000000
15187392000000.000000
14523840000000.000000
15294528000000.000000
14665536000000.000000
14910912000000.000000
15702336000000.000000
16400448000000.000000
16025472000000.000000
15417216000000.000000
15902784000000.000000
15389568000000.000000
15189120000000.000000
14627520000000.000000
15420672000000.000000
14102208000000.000000
15028416000000.000000
15869952000000.000000
15318720000000.000000
15090624000000.000000
15626304000000.000000
15289344000000.000000
15237504000000.000000
14458176000000.000000
