42192576000000.000000
40633920000000.000000
42538176000000.000000
39391488000000.000000
42057792000000.000000
41198976000000.000000
41833152000000.000000
40181184000000.000000
41980032000000.000000
40597632000000.000000
40711680000000.000000
40497408000000.000000
40008384000000.000000
40594176000000.000000
41962752000000.000000
39337920000000.000000
41148864000000.000000
42356736000000.000000
40773888000000.000000
40547520000000.000000
42301440000000.000000
41829696000000.000000
40775616000000.000000
40120704000000.000000
38990592000000.000000
40962240000000.000000
41986944000000.000000
42147648000000.000000
39678336000000.000000
41629248000000.000000
39595392000000.000000
41167872000000.000000
41815872000000.000000
42493248000000.000000
42539904000000.000000
40094784000000.000000
39631680000000.000000
40378176000000.000000
40976064000000.000000
41223168000000.000000
39617856000000.000000
40379904000000.000000
40611456000000.000000
41568768000000.000000
41292288000000.000000
40561344000000.000000
40868928000000.000000
42263424000000.000000
39562560000000.000000
38923200000000.000000
39721536000000.000000
40296960000000.000000
39130560000000.000000
40969152000000.000000
39337920000000.000000
40345344000000.000000
41155776000000.000000
40067136000000.000000
39681792000000.000000
41188608000000.000000
40379904000000.000000
39113280000000.000000
40635648000000.000000
42185664000000.000000
