35016192000000.000000
35586432000000.000000
33070464000000.000000
34437312000000.000000
33175872000000.000000
33547392000000.000000
34902144000000.000000
34401024000000.000000
31525632000000.000000
34188480000000.000000
34012224000000.000000
32171904000000.000000
33853248000000.000000
33917184000000.000000
32529600000000.000000
34584192000000.000000
33533568000000.000000
34810560000000.000000
34432128000000.000000
32932224000000.000000
34150464000000.000000
34701696000000.000000
34407936000000.000000
32125248000000.000000
34972992000000.000000
33117120000000.000000
34858944000000.000000
33177600000000.000000
34108992000000.000000
35074944000000.000000
34152192000000.000000
33158592000000.000000
34852032000000.000000
33478272000000.000000
33561216000000.000000
32477760000000.000000
34941888000000.000000
32999616000000.000000
33505920000000.000000
34316352000000.000000
32249664000000.000000
35135424000000.000000
34634304000000.000000
32809536000000.000000
33562944000000.000000
33251904000000.000000
33046272000000.000000
32178816000000.000000
32965056000000.000000
32218560000000.000000
32984064000000.000000
35830080000000.000000
33870528000000.000000
33357312000000.000000
32000832000000.000000
34850304000000.000000
33124032000000.000000
33977664000000.000000
31883328000000.000000
33302016000000.000000
33504192000000.000000
34680960000000.000000
33685632000000.000000
33829056000000.000000
