13183066, 13185422, 13185546, 13177300, 13179749, 13186817, 13159630, 13243826, 13176928
13167039, 13188739, 13182074, 13174572, 13198473, 13187747, 13161211, 13191374, 13188677
13179067, 13172278, 13202875, 13191715, 13173053, 13160219, 13175037, 13218437, 13173487
13164776, 13172774, 13167349, 13213849, 13213508, 13185856, 13181857, 13207370, 13198907
13177176, 13167690, 13179687, 13189483, 13188398, 13188212, 13178199, 13217104, 13164714
13178974, 13167690, 13186104, 13205820, 13183407, 13194009, 13200798, 13212578, 13181237
13189049, 13163784, 13173983, 13187747, 13192831, 13174665, 13182043, 13220948, 13176587
13177269, 13177393, 13161614, 13202255, 13197760, 13210501, 13224916, 13199155, 13215771
13179129, 13186817, 13178757, 13193513, 13193110, 13181330, 13195900, 13201418, 13163474
13184213, 13163319, 13163722, 13198783, 13213446, 13211927, 13185329, 13213384, 13154980
13182570, 13202410, 13194288, 13210501, 13156034, 13214872, 13176804, 13188863, 13150919
13177114, 13149865, 13184585, 13168217, 13181454, 13177455, 13166543, 13223118, 13178664
13154639, 13131761, 13198814, 13193575, 13187220, 13199651, 13172247, 13208858, 13144750
13181113, 13178757, 13182849, 13181764, 13182198, 13181981, 13198225, 13216484, 13165985
13183841, 13187654, 13158390, 13174262, 13176866, 13187406, 13183655, 13189049, 13176804
13165551, 13177548, 13167597, 13197264, 13179966, 13190010, 13176370, 13200860, 13158483
13163195, 13182415, 13168620, 13180555, 13138953, 13195900, 13197264, 13209044, 13169271
13184988, 13155042, 13185887, 13179315, 13150423, 13166543, 13184275, 13195559, 13176401
13173549, 13146982, 13187437, 13187127, 13191777, 13180586, 13185763, 13199000, 13169364
13172805, 13183996, 13190723, 13193730, 13180090, 13197915, 13157026, 13187964, 13191622
13147757, 13152841, 13164032, 13192924, 13174975, 13189607, 13178323, 13194040, 13160405
13150919, 13175781, 13193110, 13172371, 13197326, 13178819, 13189731, 13193885, 13140627
13177300, 13164001, 13180214, 13192955, 13186662, 13201263, 13191777, 13198721, 13130459
13179625, 13157367, 13161490, 13188677, 13166729, 13165551, 13211586, 13197202, 13181268
13167628, 13166636, 13195807, 13198256, 13179408, 13158886, 13167504, 13204394, 13167194
13168682, 13154577, 13154577, 13177982, 13171224, 13184926, 13182291, 13204983, 13157181
13159227, 13164497, 13183748, 13184027, 13183872, 13183407, 13166109, 13191591, 13178540
13174696, 13169395, 13205820, 13169271, 13165830, 13163350, 13205975, 13204921, 13151694
13175161, 13186197, 13149121, 13178075, 13199155, 13178323, 13208145, 13209416, 13151353
13175998, 13160653, 13167504, 13216980, 13159289, 13195404, 13186848, 13191343, 13165086
13195993, 13171968, 13168930, 13197171, 13186941, 13174603, 13193823, 13221382, 13155290
13157088, 13186910, 13172991, 13187592, 13172061, 13182663, 13179408, 13205572, 13162606
13202968, 13177765, 13178230, 13185794, 13174758, 13212516, 13181671, 13194257, 13174665
13181485, 13179067, 13183004, 13183593, 13166822, 13192428, 13203371, 13194102, 13172154
13159599, 13157615, 13155972, 13190041, 13197388, 13164714, 13192366, 13215833, 13175874
13170449, 13168620, 13171813, 13165985, 13160281, 13168124, 13172681, 13193854, 13165148
13175037, 13159289, 13173766, 13193823, 13169922, 13186228, 13174293, 13204239, 13174944
13148625, 13158421, 13166915, 13183903, 13162048, 13193637, 13196365, 13216763, 13178416
13162234, 13176184, 13154267, 13207091, 13168868, 13162172, 13169984, 13200922, 13172340
13169736, 13171751, 13184988, 13179346, 13159971, 13184275, 13170077, 13222560, 13201728
13160808, 13181981, 13180152, 13169922, 13209416, 13175471, 13152624, 13198752, 13173394
13157739, 13162668, 13166047, 13174262, 13185267, 13175874, 13205448, 13209323, 13180462
13179780, 13162544, 13161521, 13204580, 13185112, 13158142, 13171348, 13224327, 13157863
13156468, 13144998, 13153492, 13181888, 13187592, 13184213, 13167132, 13196675, 13146145
13173828, 13162978, 13183717, 13181299, 13187809, 13207556, 13181113, 13213446, 13158142
13164838, 13163133, 13172309, 13168155, 13168837, 13198256, 13184027, 13206812, 13157584
13166109, 13151043, 13191374, 13204115, 13160994, 13192707, 13164435, 13217259, 13166326
13182911, 13179532, 13183190, 13190971, 13178354, 13157770, 13165179, 13224730, 13174448
13194908, 13135915, 13160095, 13169488, 13156437, 13164435, 13149028, 13202162, 13172154
13186073, 13169612, 13161087, 13165861, 13153957, 13146858, 13163040, 13227117, 13162637
13181051, 13180865, 13178168, 13180772, 13188801, 13219801, 13188367, 13185887, 13180090
13159847, 13167411, 13166450, 13195156, 13184616, 13140658, 13189948, 13200457, 13172929
13197543, 13177889, 13171596, 13179780, 13175037, 13162389, 13175750, 13202906, 13149183
13129622, 13147292, 13176649, 13157181, 13159785, 13149400, 13191839, 13233162, 13146300
13164435, 13167535, 13172929, 13186817, 13162451, 13183066, 13181640, 13220049, 13169147
13168372, 13148315, 13152469, 13200891, 13196117, 13183159, 13169333, 13189421, 13170356
13135636, 13156158, 13167008, 13171162, 13174944, 13175843, 13162482, 13209075, 13137558
13173549, 13158359, 13157057, 13194784, 13175843, 13154608, 13162544, 13168589, 13157274
13183748, 13157491, 13171286, 13205975, 13124507, 13175967, 13170697, 13186042, 13193141
13131048, 13158607, 13185794, 13188026, 13194474, 13164869, 13195993, 13206967, 13155631
13161087, 13150516, 13163691, 13170387, 13205820, 13160901, 13158514, 13216670, 13173735
13171255, 13161800, 13182353, 13221072, 13170511, 13179563, 13166233, 13188584, 13180865
13160126, 13165706, 13177114, 13155104, 13198070, 13176990, 13147726, 13201294, 13159444
13166729, 13169643, 13174417, 13165985, 13146765, 13149524, 13183779, 13194505, 13143665
