4008960000000.000000
4053888000000.000000
3112128000000.000000
2562624000000.000000
2521152000000.000000
2384640000000.000000
2356992000000.000000
2372544000000.000000
2386368000000.000000
2310336000000.000000
2341440000000.000000
2372544000000.000000
2353536000000.000000
2312064000000.000000
2256768000000.000000
2362176000000.000000
2360448000000.000000
2350080000000.000000
2324160000000.000000
2393280000000.000000
2317248000000.000000
2306880000000.000000
2367360000000.000000
2332800000000.000000
2289600000000.000000
2336256000000.000000
2339712000000.000000
2308608000000.000000
2315520000000.000000
2315520000000.000000
2312064000000.000000
2363904000000.000000
2358720000000.000000
2346624000000.000000
2339712000000.000000
2318976000000.000000
2279232000000.000000
2348352000000.000000
2261952000000.000000
2313792000000.000000
2350080000000.000000
2268864000000.000000
2301696000000.000000
2350080000000.000000
2318976000000.000000
2348352000000.000000
2356992000000.000000
2317248000000.000000
2280960000000.000000
2258496000000.000000
2279232000000.000000
2305152000000.000000
2268864000000.000000
2274048000000.000000
2268864000000.000000
2320704000000.000000
2325888000000.000000
2305152000000.000000
2253312000000.000000
2325888000000.000000
2332800000000.000000
2286144000000.000000
2332800000000.000000
2332800000000.000000
2249856000000.000000
2279232000000.000000
2282688000000.000000
2253312000000.000000
2282688000000.000000
2312064000000.000000
2332800000000.000000
2313792000000.000000
2287872000000.000000
2346624000000.000000
2270592000000.000000
2327616000000.000000
2322432000000.000000
2244672000000.000000
2267136000000.000000
2184192000000.000000
2229120000000.000000
2294784000000.000000
2318976000000.000000
2267136000000.000000
2267136000000.000000
2282688000000.000000
2344896000000.000000
2237760000000.000000
2258496000000.000000
2298240000000.000000
2218752000000.000000
2324160000000.000000
2220480000000.000000
2239488000000.000000
2215296000000.000000
2277504000000.000000
2258496000000.000000
2280960000000.000000
2270592000000.000000
2246400000000.000000
2289600000000.000000
2244672000000.000000
2286144000000.000000
2236032000000.000000
2213568000000.000000
2306880000000.000000
2305152000000.000000
2267136000000.000000
2310336000000.000000
2417472000000.000000
2230848000000.000000
2253312000000.000000
2248128000000.000000
