16417203, 16477195, 16497456, 16445211, 16434978, 16456754, 16505258, 16421674
16392696, 16361399, 16399224, 16388139, 16414824, 16389767, 16412631, 16467302
12118486, 12120446, 12130554, 12122197, 12134948, 12105518, 12116427, 12113339
9560596, 9606843, 9587132, 9592143, 9582736, 9591830, 9615142, 9578598
9440420, 9442047, 9439541, 9465379, 9474328, 9452466, 9446003, 9455167
8264977, 8255900, 8264745, 8273242, 8254508, 8255233, 8256306, 8282087
8258771, 8248099, 8240733, 8252275, 8269211, 8262541, 8230989, 8231975
8242859, 8276083, 8252241, 8288175, 8238166, 8264340, 8233456, 8263933
8238140, 8247587, 8296502, 8241644, 8251472, 8255401, 8276405, 8235602
8252341, 8241164, 8289522, 8250576, 8275481, 8253803, 8256304, 8230920
8255652, 8257802, 8207610, 8250185, 8260754, 8290638, 8240012, 8255652
8230814, 8242363, 8242448, 8252079, 8233069, 8248862, 8243858, 8236786
8277070, 8273532, 8270081, 8265441, 8272140, 8269008, 8278201, 8276229
8281690, 8248467, 8243279, 8246994, 8260675, 8263190, 8272998, 8253032
8274458, 8261314, 8214669, 8249819, 8274590, 8269766, 8215725, 8263536
8271878, 8263779, 8285718, 8243323, 8260846, 8224996, 8251804, 8250642
8268375, 8279577, 8304871, 8272726, 8281167, 8288822, 8310345, 8261435
8218886, 8277176, 8219679, 8280181, 8248868, 8286641, 8251781, 8272432
8255755, 8272912, 8253809, 8268734, 8246258, 8244342, 8242275, 8270453
8252594, 8257901, 8268718, 8259235, 8255407, 8252652, 8261584, 8271560
8272662, 8256161, 8270661, 8262338, 8255436, 8247983, 8256248, 8250767
8259287, 8257189, 8232565, 8265551, 8267567, 8247055, 8237033, 8266991
8282971, 8236902, 8250265, 8258269, 8262122, 8229430, 8280168, 8242282
8292050, 8229559, 8261532, 8229476, 8280330, 8266646, 8255260, 8237100
8238645, 8272227, 8267065, 8266195, 8258481, 8264861, 8262280, 8262135
8243865, 8240443, 8251260, 8225595, 8227799, 8228901, 8234527, 8247461
8240752, 8241191, 8284126, 8250680, 8243410, 8237700, 8289988, 8263595
8252159, 8260047, 8256509, 8249694, 8244474, 8251376, 8241516, 8246504
8245818, 8228253, 8240157, 8237834, 8256997, 8250890, 8236934, 8246317
8273303, 8235883, 8228953, 8300511, 8291285, 8199069, 8225002, 8290753
8233164, 8248969, 8245112, 8249462, 8244706, 8230351, 8233889, 8232903
8305200, 8305084, 8304533, 8304388, 8304910, 8304620, 8305809, 8305548
8256336, 8263618, 8231639, 8286664, 8249412, 8282832, 8215729, 8255182
8262075, 8257377, 8269668, 8250668, 8224658, 8270657, 8284647, 8238716
8241839, 8282900, 8252377, 8250554, 8215219, 8264593, 8245196, 8249356
8251447, 8307023, 8193138, 8289776, 8281425, 8285436, 8168405, 8299335
8246823, 8236615, 8233773, 8230670, 8244735, 8245402, 8244880, 8240327
8290375, 8216873, 8255278, 8232873, 8307632, 8242887, 8262888, 8253911
8248534, 8250332, 8268370, 8274924, 8264542, 8263063, 8249027, 8252826
8219794, 8252872, 8241645, 8252307, 8255199, 8227567, 8251240, 8242719
8245189, 8285395, 8239156, 8270972, 8266551, 8242828, 8259280, 8239439
8237356, 8233197, 8229047, 8244251, 8234419, 8288460, 8239464, 8240237
8243521, 8237197, 8294158, 8260767, 8250284, 8254411, 8275136, 8238845
8250854, 8258858, 8238500, 8231250, 8232932, 8237514, 8227335, 8232294
8245119, 8286190, 8264595, 8238626, 8249540, 8280664, 8241447, 8253426
8258367, 8244327, 8252479, 8268881, 8265679, 8237568, 8281914, 8244031
8254979, 8246587, 8274973, 8253584, 8251612, 8269348, 8256830, 8245099
8236188, 8262187, 8275050, 8248957, 8261459, 8255632, 8262355, 8254521
8265474, 8222367, 8262794, 8257830, 8252463, 8237723, 8261816, 8281009
8259233, 8239594, 8246290, 8287953, 8235081, 8252312, 8246330, 8273434
8249172, 8254334, 8249404, 8248998, 8255117, 8252101, 8251231, 8253290
8260876, 8246343, 8250283, 8256476, 8234441, 8227466, 8234922, 8241827
8229212, 8253240, 8279629, 8261013, 8243371, 8257061, 8261444, 8246060
8275011, 8243713, 8246601, 8276954, 8254135, 8243483, 8247458, 8253269
8251985, 8263875, 8275852, 8257756, 8249201, 8245663, 8258075, 8248157
8264155, 8266433, 8268840, 8256399, 8243494, 8259810, 8234290, 8257879
8248012, 8242792, 8244590, 8243459, 8218722, 8235310, 8239834, 8240994
8255497, 8221918, 8312378, 8230592, 8276323, 8210480, 8303840, 8234534
8256538, 8257640, 8255378, 8257524, 8255494, 8248998, 8261584, 8257350
8264669, 8253169, 8232841, 8250396, 8244286, 8281352, 8259627, 8274908
8244347, 8243919, 8240601, 8247899, 8251766, 8240745, 8224149, 8233425
8283394, 8264376, 8245595, 8223391, 8265520, 8246925, 8282149, 8236245
8264036, 8284016, 8269401, 8226095, 8231923, 8247830, 8268580, 8241429
8261803, 8264756, 8247652, 8235458, 8240892, 8265417, 8247523, 8269850
8269095, 8267065, 8263179, 8269588, 8266833, 8265992, 8268399, 8259554
8222030, 8228952, 8283589, 8290607, 8205811, 8220487, 8302050, 8294008
8264748, 8262238, 8250930, 8263051, 8269501, 8233615, 8237532, 8264603
8263904, 8255233, 8262570, 8259148, 8270893, 8277012, 8273648, 8268080
8297312, 8246688, 8230223, 8243440, 8262488, 8254471, 8226387, 8259816
8215741, 8245301, 8238753, 8245660, 8273297, 8252588, 8278651, 8261812
8259773, 8269280, 8223907, 8270900, 8238200, 8250826, 8262705, 8277073
8249897, 8281063, 8238803, 8261173, 8260717, 8285925, 8222979, 8252504
8258500, 8252908, 8252736, 8230427, 8221135, 8238325, 8250999, 8257008
8267037, 8232674, 8255518, 8228185, 8286158, 8251579, 8269258, 8262632
8220625, 8292471, 8241640, 8261031, 8248639, 8294154, 8219557, 8262968
8236500, 8233520, 8261729, 8265607, 8279996, 8260475, 8263005, 8263203
8244760, 8276085, 8269134, 8219639, 8265358, 8257194, 8227433, 8242279
8249223, 8277587, 8226493, 8268715, 8252917, 8261695, 8242262, 8256885
8227172, 8272567, 8277390, 8227420, 8243088, 8272102, 8287180, 8238144
8304185, 8302851, 8302300, 8302242, 8304881, 8305867, 8303576, 8303460
8234120, 8239264, 8299430, 8249926, 8247192, 8245252, 8271579, 8254845
8244901, 8263033, 8239268, 8285392, 8244678, 8275511, 8224500, 8277145
8287544, 8294546, 8299378, 8299336, 8288760, 8293096, 8296976, 8291827
8272908, 8252328, 8238949, 8213107, 8307484, 8252346, 8277075, 8230967
8278333, 8233570, 8245248, 8249367, 8270308, 8244602, 8267041, 8244394
8227269, 8258075, 8229842, 8275513, 8219633, 8276976, 8256716, 8307883
8279631, 8228418, 8256781, 8247033, 8274859, 8217965, 8286958, 8254007
8229915, 8292693, 8275717, 8237358, 8238164, 8272532, 8261615, 8247791
8243646, 8265243, 8246245, 8270043, 8239288, 8267826, 8240165, 8271270
8277583, 8246226, 8271503, 8267303, 8244253, 8274501, 8237206, 8248555
8265353, 8253582, 8248469, 8247893, 8259028, 8235078, 8274679, 8262152
8269182, 8265702, 8256538, 8268573, 8274431, 8248563, 8231598, 8277244
8274918, 8291423, 8306221, 8285234, 8271429, 8297269, 8302858, 8276407
8265236, 8255836, 8250875, 8267986, 8263865, 8256321, 8238105, 8250449
8275319, 8213915, 8242836, 8275906, 8268029, 8228456, 8262194, 8278837
8231598, 8238471, 8227509, 8232874, 8231279, 8256567, 8251318, 8241748
8262525, 8253650, 8250164, 8229044, 8216877, 8273118, 8267700, 8262567
8245112, 8286263, 8262338, 8233338, 8238413, 8263991, 8276983, 8264571
8261410, 8237978, 8232091, 8253232, 8285393, 8251289, 8278520, 8245083
8278843, 8245894, 8256093, 8266133, 8271640, 8250447, 8260981, 8230980
8305468, 8280295, 8302989, 8289737, 8296853, 8299210, 8297551, 8290381
8251405, 8249288, 8260946, 8249346, 8259206, 8246214, 8260279, 8236093
8249578, 8294586, 8254247, 8267268, 8250013, 8289163, 8263875, 8262947
8254906, 8265283, 8254061, 8250879, 8252317, 8253193, 8239112, 8242107
8276828, 8277580, 8256834, 8247598, 8258782, 8237403, 8254003, 8241702
8247242, 8268683, 8250296, 8260256, 8229633, 8255503, 8257672, 8238336
8254582, 8271824, 8246830, 8236109, 8228244, 8289670, 8257913, 8254829
8293919, 8236470, 8288496, 8261120, 8280463, 8274344, 8223710, 8252246
8305055, 8305403, 8305374, 8304852, 8305925, 8305751, 8305606, 8305287
8319500, 8273101, 8274819, 8282725, 8313118, 8286507, 8274565, 8282772
8250825, 8231751, 8261528, 8257024, 8252640, 8227429, 8266401, 8261587
8255845, 8235561, 8249442, 8274522, 8251924, 8265987, 8242540, 8233699
8254138, 8248723, 8250998, 8265395, 8259665, 8238231, 8248713, 8269993
