4026240000000.000000
3979584000000.000000
3163968000000.000000
2500416000000.000000
2332800000000.000000
2374272000000.000000
2382912000000.000000
2433024000000.000000
2344896000000.000000
2256768000000.000000
2305152000000.000000
2379456000000.000000
2282688000000.000000
2322432000000.000000
2358720000000.000000
2367360000000.000000
2438208000000.000000
2325888000000.000000
2280960000000.000000
2318976000000.000000
2315520000000.000000
2372544000000.000000
2403648000000.000000
2370816000000.000000
2265408000000.000000
2305152000000.000000
2389824000000.000000
2301696000000.000000
2344896000000.000000
2280960000000.000000
2301696000000.000000
2388096000000.000000
2298240000000.000000
2355264000000.000000
2253312000000.000000
2308608000000.000000
2293056000000.000000
2298240000000.000000
2365632000000.000000
2353536000000.000000
2391552000000.000000
2299968000000.000000
2336256000000.000000
2369088000000.000000
2337984000000.000000
2312064000000.000000
2286144000000.000000
2320704000000.000000
2310336000000.000000
2329344000000.000000
2398464000000.000000
2329344000000.000000
2324160000000.000000
2294784000000.000000
2305152000000.000000
2215296000000.000000
2353536000000.000000
2303424000000.000000
2293056000000.000000
2286144000000.000000
2279232000000.000000
2289600000000.000000
2277504000000.000000
2369088000000.000000
2294784000000.000000
2198016000000.000000
2298240000000.000000
2331072000000.000000
2344896000000.000000
2291328000000.000000
2379456000000.000000
2312064000000.000000
2272320000000.000000
2305152000000.000000
2263680000000.000000
2403648000000.000000
2303424000000.000000
2279232000000.000000
2286144000000.000000
2194560000000.000000
2317248000000.000000
2251584000000.000000
2334528000000.000000
2234304000000.000000
2280960000000.000000
2322432000000.000000
2275776000000.000000
2282688000000.000000
2230848000000.000000
2279232000000.000000
2306880000000.000000
2267136000000.000000
2274048000000.000000
2282688000000.000000
2310336000000.000000
2277504000000.000000
2246400000000.000000
2187648000000.000000
2331072000000.000000
2296512000000.000000
2322432000000.000000
2189376000000.000000
2484864000000.000000
2381184000000.000000
2261952000000.000000
2220480000000.000000
2267136000000.000000
2227392000000.000000
2341440000000.000000
2315520000000.000000
2230848000000.000000
2244672000000.000000
2275776000000.000000
