2386368000000.000000
2160000000000.000000
2192832000000.000000
2203200000000.000000
1942272000000.000000
1916352000000.000000
1867968000000.000000
2096064000000.000000
1797120000000.000000
1845504000000.000000
1712448000000.000000
1864512000000.000000
1795392000000.000000
1824768000000.000000
2035584000000.000000
1945728000000.000000
1826496000000.000000
1797120000000.000000
1724544000000.000000
2037312000000.000000
1916352000000.000000
1847232000000.000000
1909440000000.000000
1740096000000.000000
1843776000000.000000
1712448000000.000000
1764288000000.000000
1976832000000.000000
1912896000000.000000
1928448000000.000000
1705536000000.000000
1861056000000.000000
1987200000000.000000
2002752000000.000000
1842048000000.000000
1950912000000.000000
1897344000000.000000
1994112000000.000000
1933632000000.000000
2001024000000.000000
1983744000000.000000
1878336000000.000000
1907712000000.000000
1988928000000.000000
1945728000000.000000
1871424000000.000000
1890432000000.000000
1859328000000.000000
1968192000000.000000
1982016000000.000000
1963008000000.000000
1918080000000.000000
1888704000000.000000
1890432000000.000000
1886976000000.000000
1859328000000.000000
1949184000000.000000
2104704000000.000000
1916352000000.000000
1893888000000.000000
1829952000000.000000
1978560000000.000000
1874880000000.000000
1952640000000.000000
1881792000000.000000
1852416000000.000000
1347840000000.000000
1353024000000.000000
1356480000000.000000
1270080000000.000000
1266624000000.000000
