58708800000000.000000
58679424000000.000000
60467904000000.000000
60692544000000.000000
56116800000000.000000
59434560000000.000000
58033152000000.000000
57081024000000.000000
57398976000000.000000
55688256000000.000000
55256256000000.000000
55684800000000.000000
56863296000000.000000
56771712000000.000000
56865024000000.000000
56275776000000.000000
57841344000000.000000
60645888000000.000000
54960768000000.000000
57134592000000.000000
59123520000000.000000
54516672000000.000000
58561920000000.000000
57053376000000.000000
55641600000000.000000
59669568000000.000000
56882304000000.000000
57936384000000.000000
55928448000000.000000
60713280000000.000000
55067904000000.000000
58729536000000.000000
58717440000000.000000
59241024000000.000000
55956096000000.000000
54563328000000.000000
54715392000000.000000
55778112000000.000000
56282688000000.000000
56073600000000.000000
57718656000000.000000
54622080000000.000000
58098816000000.000000
57704832000000.000000
59050944000000.000000
56433024000000.000000
59317056000000.000000
60569856000000.000000
56519424000000.000000
57409344000000.000000
58608576000000.000000
64425024000000.000000
57734208000000.000000
54482112000000.000000
56007936000000.000000
59800896000000.000000
57901824000000.000000
58205952000000.000000
56078784000000.000000
59733504000000.000000
55726272000000.000000
57020544000000.000000
56529792000000.000000
57651264000000.000000
