4090176000000.000000
4155840000000.000000
3151872000000.000000
2552256000000.000000
2564352000000.000000
2381184000000.000000
2420928000000.000000
2318976000000.000000
2377728000000.000000
2370816000000.000000
2365632000000.000000
2287872000000.000000
2389824000000.000000
2336256000000.000000
2313792000000.000000
2343168000000.000000
2386368000000.000000
2351808000000.000000
2312064000000.000000
2274048000000.000000
2362176000000.000000
2363904000000.000000
2315520000000.000000
2320704000000.000000
2395008000000.000000
2320704000000.000000
2298240000000.000000
2306880000000.000000
2322432000000.000000
2363904000000.000000
2324160000000.000000
2322432000000.000000
2384640000000.000000
2312064000000.000000
2332800000000.000000
2343168000000.000000
2306880000000.000000
2274048000000.000000
2313792000000.000000
2377728000000.000000
2331072000000.000000
2325888000000.000000
2329344000000.000000
2336256000000.000000
2291328000000.000000
2303424000000.000000
2241216000000.000000
2417472000000.000000
2332800000000.000000
2341440000000.000000
2298240000000.000000
2339712000000.000000
2356992000000.000000
2322432000000.000000
2317248000000.000000
2317248000000.000000
2296512000000.000000
2322432000000.000000
2348352000000.000000
2249856000000.000000
2367360000000.000000
2305152000000.000000
2331072000000.000000
2336256000000.000000
2220480000000.000000
2310336000000.000000
2287872000000.000000
2327616000000.000000
2350080000000.000000
2251584000000.000000
2251584000000.000000
2324160000000.000000
2280960000000.000000
2198016000000.000000
2241216000000.000000
2344896000000.000000
2253312000000.000000
2320704000000.000000
2223936000000.000000
2331072000000.000000
2251584000000.000000
2298240000000.000000
2327616000000.000000
2246400000000.000000
2215296000000.000000
2331072000000.000000
2239488000000.000000
2258496000000.000000
2275776000000.000000
2251584000000.000000
2317248000000.000000
2284416000000.000000
2229120000000.000000
2218752000000.000000
2296512000000.000000
2255040000000.000000
2265408000000.000000
2270592000000.000000
2272320000000.000000
2210112000000.000000
2179008000000.000000
2175552000000.000000
2253312000000.000000
2280960000000.000000
2255040000000.000000
2265408000000.000000
2236032000000.000000
2237760000000.000000
2253312000000.000000
2253312000000.000000
2275776000000.000000
2232576000000.000000
2237760000000.000000
