2420928000000.000000
2158272000000.000000
2242944000000.000000
2123712000000.000000
1997568000000.000000
1916352000000.000000
1885248000000.000000
1835136000000.000000
1836864000000.000000
1843776000000.000000
1741824000000.000000
1857600000000.000000
1726272000000.000000
1831680000000.000000
1900800000000.000000
2085696000000.000000
1745280000000.000000
1942272000000.000000
1757376000000.000000
2018304000000.000000
1966464000000.000000
1814400000000.000000
1824768000000.000000
1802304000000.000000
1829952000000.000000
1743552000000.000000
1767744000000.000000
1949184000000.000000
2078784000000.000000
1918080000000.000000
1793664000000.000000
1828224000000.000000
1942272000000.000000
1985472000000.000000
1893888000000.000000
1952640000000.000000
1964736000000.000000
1893888000000.000000
1940544000000.000000
2009664000000.000000
1978560000000.000000
1935360000000.000000
1982016000000.000000
1911168000000.000000
1886976000000.000000
1930176000000.000000
1912896000000.000000
1985472000000.000000
1931904000000.000000
1952640000000.000000
1938816000000.000000
2115072000000.000000
1921536000000.000000
1937088000000.000000
1988928000000.000000
1904256000000.000000
1980288000000.000000
1802304000000.000000
1861056000000.000000
1893888000000.000000
1871424000000.000000
1935360000000.000000
1940544000000.000000
1964736000000.000000
2020032000000.000000
2004480000000.000000
1304640000000.000000
1354752000000.000000
1296000000000.000000
1254528000000.000000
1339200000000.000000
