2486592000000.000000
2146176000000.000000
2206656000000.000000
2165184000000.000000
1904256000000.000000
1988928000000.000000
1867968000000.000000
1924992000000.000000
1823040000000.000000
1793664000000.000000
1797120000000.000000
1881792000000.000000
1767744000000.000000
1747008000000.000000
1997568000000.000000
1973376000000.000000
1897344000000.000000
1864512000000.000000
1786752000000.000000
1866240000000.000000
1947456000000.000000
1831680000000.000000
1852416000000.000000
1705536000000.000000
1766016000000.000000
1771200000000.000000
1736640000000.000000
1926720000000.000000
1971648000000.000000
1987200000000.000000
1802304000000.000000
1933632000000.000000
1895616000000.000000
1940544000000.000000
1909440000000.000000
1852416000000.000000
1919808000000.000000
1969920000000.000000
1976832000000.000000
2021760000000.000000
1983744000000.000000
1885248000000.000000
1899072000000.000000
1963008000000.000000
1912896000000.000000
1876608000000.000000
1899072000000.000000
1895616000000.000000
1928448000000.000000
1912896000000.000000
1904256000000.000000
1888704000000.000000
1905984000000.000000
1995840000000.000000
1975104000000.000000
1957824000000.000000
1983744000000.000000
1855872000000.000000
1924992000000.000000
1902528000000.000000
1847232000000.000000
1874880000000.000000
1893888000000.000000
1952640000000.000000
2007936000000.000000
2020032000000.000000
1335744000000.000000
1309824000000.000000
1422144000000.000000
1377216000000.000000
1363392000000.000000
