4202496000000.000000
4091904000000.000000
3098304000000.000000
2533248000000.000000
2541888000000.000000
2388096000000.000000
2362176000000.000000
2355264000000.000000
2358720000000.000000
2384640000000.000000
2268864000000.000000
2331072000000.000000
2310336000000.000000
2337984000000.000000
2256768000000.000000
2327616000000.000000
2344896000000.000000
2324160000000.000000
2312064000000.000000
2351808000000.000000
2386368000000.000000
2331072000000.000000
2389824000000.000000
2407104000000.000000
2344896000000.000000
2277504000000.000000
2344896000000.000000
2446848000000.000000
2348352000000.000000
2386368000000.000000
2403648000000.000000
2376000000000.000000
2279232000000.000000
2286144000000.000000
2381184000000.000000
2294784000000.000000
2351808000000.000000
2284416000000.000000
2343168000000.000000
2284416000000.000000
2296512000000.000000
2317248000000.000000
2293056000000.000000
2365632000000.000000
2374272000000.000000
2337984000000.000000
2294784000000.000000
2299968000000.000000
2275776000000.000000
2229120000000.000000
2337984000000.000000
2324160000000.000000
2318976000000.000000
2356992000000.000000
2337984000000.000000
2301696000000.000000
2341440000000.000000
2301696000000.000000
2317248000000.000000
2320704000000.000000
2301696000000.000000
2282688000000.000000
2325888000000.000000
2279232000000.000000
2353536000000.000000
2332800000000.000000
2336256000000.000000
2286144000000.000000
2322432000000.000000
2253312000000.000000
2398464000000.000000
2348352000000.000000
2268864000000.000000
2298240000000.000000
2253312000000.000000
2268864000000.000000
2299968000000.000000
2313792000000.000000
2225664000000.000000
2249856000000.000000
2294784000000.000000
2267136000000.000000
2353536000000.000000
2325888000000.000000
2282688000000.000000
2331072000000.000000
2230848000000.000000
2280960000000.000000
2229120000000.000000
2355264000000.000000
2234304000000.000000
2189376000000.000000
2315520000000.000000
2191104000000.000000
2263680000000.000000
2322432000000.000000
2263680000000.000000
2211840000000.000000
2268864000000.000000
2274048000000.000000
2135808000000.000000
2253312000000.000000
2223936000000.000000
2438208000000.000000
2223936000000.000000
2287872000000.000000
2260224000000.000000
2291328000000.000000
2192832000000.000000
2222208000000.000000
2229120000000.000000
2275776000000.000000
2234304000000.000000
