10858752000000.000000
12640320000000.000000
11339136000000.000000
11658816000000.000000
11746944000000.000000
11396160000000.000000
11133504000000.000000
12189312000000.000000
11900736000000.000000
10817280000000.000000
11382336000000.000000
11067840000000.000000
11847168000000.000000
12521088000000.000000
11268288000000.000000
12282624000000.000000
11793600000000.000000
12208320000000.000000
12780288000000.000000
11252736000000.000000
12318912000000.000000
11335680000000.000000
11753856000000.000000
12189312000000.000000
11532672000000.000000
11689920000000.000000
12057984000000.000000
11769408000000.000000
10991808000000.000000
11587968000000.000000
11026368000000.000000
11800512000000.000000
11710656000000.000000
12059712000000.000000
11211264000000.000000
12187584000000.000000
11622528000000.000000
11622528000000.000000
10888128000000.000000
11817792000000.000000
11847168000000.000000
11458368000000.000000
13182912000000.000000
11824704000000.000000
11494656000000.000000
11517120000000.000000
11316672000000.000000
12756096000000.000000
13383360000000.000000
12379392000000.000000
11024640000000.000000
11883456000000.000000
11475648000000.000000
11219904000000.000000
11365056000000.000000
11133504000000.000000
11124864000000.000000
11937024000000.000000
12025152000000.000000
12944448000000.000000
11741760000000.000000
11479104000000.000000
12099456000000.000000
10998720000000.000000
