105508260, 105327990, 105554756, 105434289, 105536849, 105590288, 105407259, 105633405, 105406923
105517767, 105561355, 105326307, 105416218, 105348348, 105683592, 105536469, 105385593, 105491959
105419616, 105568644, 105390482, 105551348, 105347095, 105463701, 105510768, 105410792, 105560885
105485645, 105368532, 105500794, 105354665, 105452045, 105631969, 105494575, 105331072, 105453146
105413025, 105446316, 105383989, 105448469, 105386074, 105555554, 105607075, 105421838, 105381069
105392863, 105524588, 105272761, 105580736, 105288388, 105438383, 105528281, 105586548, 105524809
105321164, 105460647, 105485288, 105312632, 105758374, 105392525, 105436728, 105511938, 105482574
105534634, 105360196, 105513097, 105364022, 105427430, 105533914, 105459827, 105394050, 105476843
105426531, 105516782, 105532340, 105514741, 105395866, 105267730, 105311524, 105434772, 105546667
105441299, 105638864, 105417836, 105295348, 105419050, 105522121, 105484824, 105320780, 105457369
105349406, 105417020, 105434056, 105381585, 105426234, 105447764, 105578466, 105538684, 105379000
105357408, 105208788, 105532477, 105402167, 105375170, 105495521, 105615527, 105475483, 105397982
105386918, 105315309, 105433982, 105530851, 105504980, 105419334, 105406782, 105384497, 105417690
105460775, 105439497, 105343328, 105383930, 105330632, 105346450, 105409096, 105688569, 105400031
105494112, 105506001, 105445330, 105477657, 105355685, 105465610, 105367338, 105458758, 105323437
105320310, 105432179, 105421442, 105537736, 105388037, 105522182, 105573990, 105324722, 105332551
105456541, 105521091, 105349421, 105558076, 105328230, 105368437, 105449428, 105374986, 105431546
105379560, 105573799, 105433436, 105315928, 105484292, 105525836, 105414863, 105289114, 105384601
105380463, 105572225, 105337643, 105247065, 105393757, 105595972, 105265107, 105450143, 105477694
105363934, 105508321, 105419757, 105486523, 105315786, 105310655, 105544466, 105322042, 105423691
105395662, 105429642, 105373606, 105387309, 105523053, 105505925, 105222473, 105587854, 105309119
105443243, 105507057, 105380337, 105481275, 105423455, 105425551, 105280576, 105403467, 105334053
105399184, 105458174, 105360575, 105353873, 105474647, 105336594, 105431604, 105354968, 105492199
105383034, 105320093, 105275338, 105406652, 105531919, 105341070, 105396326, 105581243, 105349781
105555446, 105471756, 105319450, 105345373, 105437410, 105363636, 105239528, 105559489, 105313849
105423176, 105483633, 105242427, 105366089, 105295228, 105484177, 105426840, 105506022, 105391125
105529037, 105450720, 105425563, 105321548, 105417474, 105331843, 105433384, 105365727, 105339047
105492934, 105484682, 105469690, 105299509, 105288422, 105269624, 105454906, 105318162, 105478997
105304508, 105374965, 105529645, 105548686, 105322563, 105321585, 105359570, 105476820, 105396515
105449130, 105515472, 105411054, 105301573, 105333909, 105362908, 105359109, 105364707, 105461602
105492026, 105318636, 105439785, 105298321, 105586556, 105207334, 105358057, 105355502, 105440157
105266733, 105357434, 105445304, 105415601, 105275456, 105458346, 105419573, 105522607, 105389650
105350607, 105470710, 105272072, 105390410, 105535672, 105436608, 105263098, 105496658, 105358749
105393184, 105356561, 105263212, 105537425, 105343900, 105430107, 105368040, 105300809, 105485250
105436944, 105399891, 105219152, 105406422, 105597991, 105400722, 105405779, 105225870, 105526171
105476127, 105312122, 105251015, 105419774, 105192691, 105364463, 105496015, 105535819, 105363730
105445704, 105328501, 105479652, 105341581, 105458663, 105476426, 105325745, 105329767, 105340236
105504150, 105350478, 105300269, 105393724, 105313169, 105357022, 105387668, 105358448, 105384785
105335033, 105431955, 105298475, 105355938, 105394518, 105393280, 105463514, 105414245, 105471825
105370991, 105311997, 105303892, 105324537, 105203210, 105375127, 105459175, 105495525, 105468038
105390171, 105489843, 105459342, 105409896, 105243303, 105335024, 105466287, 105266184, 105287302
105512158, 105326044, 105260528, 105264760, 105314445, 105339436, 105431593, 105381605, 105350133
105304161, 105375376, 105516068, 105238805, 105399037, 105311794, 105499029, 105320152, 105363193
105520546, 105373765, 105308595, 105306035, 105312405, 105336644, 105411511, 105335115, 105317354
105386408, 105358245, 105362176, 105446313, 105373751, 105149584, 105305185, 105482506, 105340111
105372361, 105360969, 105327098, 105390216, 105332204, 105406059, 105301314, 105437027, 105361541
105404720, 105391243, 105428382, 105202496, 105331892, 105232285, 105303416, 105376096, 105506707
105450720, 105199681, 105417147, 105470515, 105436663, 105195222, 105494507, 105232453, 105238905
105428211, 105187162, 105469127, 105529784, 105263532, 105392271, 105269880, 105333570, 105359680
105347068, 105278334, 105402933, 105506951, 105225400, 105324190, 105414718, 105214944, 105484653
105236312, 105420267, 105223040, 105301847, 105540074, 105340350, 105236606, 105438896, 105417288
105318430, 105201294, 105373266, 105242296, 105396338, 105420963, 105367872, 105259484, 105466749
105352127, 105195103, 105362340, 105394521, 105487121, 105475182, 105215054, 105299282, 105294192
105451490, 105241484, 105353375, 105187540, 105315601, 105329217, 105444121, 105329169, 105374724
105301018, 105311098, 105123514, 105446966, 105398038, 105293319, 105325720, 105425288, 105295251
105294012, 105320667, 105318615, 105237150, 105425599, 105343498, 105405503, 105234771, 105306182
105471924, 105273729, 105394351, 105294060, 105324676, 105293261, 105421459, 105168573, 105278314
105170267, 105393524, 105052617, 105401389, 105264721, 105441298, 105546210, 105363069, 105351890
105319557, 105249245, 105292976, 105266714, 105281327, 105269063, 105379415, 105346148, 105443200
105465281, 105278091, 105274823, 105262045, 105340596, 105457290, 105284498, 105427949, 105126825
105255512, 105400490, 105160164, 105543770, 105297591, 105367425, 105178170, 105309779, 105297892
105341169, 105259988, 105317160, 105192442, 105206407, 105426444, 105315825, 105289995, 105240827
105333316, 105313638, 105036926, 105259936, 105430081, 105315452, 105270753, 105335242, 105242260
105283544, 105483368, 105158235, 105097264, 105238071, 105326634, 105299024, 105260512, 105352891
