2932416000000.000000
2873664000000.000000
2923776000000.000000
2894400000000.000000
2865024000000.000000
2897856000000.000000
2846016000000.000000
2897856000000.000000
2795904000000.000000
2075328000000.000000
1997568000000.000000
2063232000000.000000
2011392000000.000000
2066688000000.000000
2040768000000.000000
2077056000000.000000
2182464000000.000000
2044224000000.000000
2142720000000.000000
2154816000000.000000
2139264000000.000000
2161728000000.000000
2063232000000.000000
2120256000000.000000
2052864000000.000000
2049408000000.000000
2025216000000.000000
2127168000000.000000
2080512000000.000000
2146176000000.000000
2063232000000.000000
2068416000000.000000
2066688000000.000000
2128896000000.000000
2094336000000.000000
2165184000000.000000
2044224000000.000000
2082240000000.000000
2132352000000.000000
2020032000000.000000
2025216000000.000000
2042496000000.000000
2064960000000.000000
2028672000000.000000
2051136000000.000000
2215296000000.000000
2056320000000.000000
2128896000000.000000
2011392000000.000000
2032128000000.000000
1994112000000.000000
2071872000000.000000
2054592000000.000000
1994112000000.000000
2146176000000.000000
2054592000000.000000
2009664000000.000000
2078784000000.000000
2082240000000.000000
2006208000000.000000
2054592000000.000000
2028672000000.000000
2002752000000.000000
