18163836, 18189969, 18179987, 18171555, 18165789
18155900, 18170036, 18177166, 18165231, 18161046
18151343, 18176174, 18172361, 18161728, 18152304
18148026, 18168610, 18184420, 18164549, 18145360
18146879, 18164239, 18180824, 18155187, 18158070
18153048, 18163960, 18170191, 18152552, 18156985
18142725, 18163061, 18171090, 18151777, 18162131
18138292, 18167618, 18178313, 18153792, 18141702
18126946, 18157946, 18167370, 18156086, 18142291
11775635, 11774643, 11768009, 11772380, 11768691
11779572, 11775387, 11767389, 11769218, 11767792
11776193, 11770117, 11775387, 11775821, 11788035
11778146, 11774922, 11772163, 11778983, 11783168
11778332, 11763173, 11772287, 11772907, 11772659
11778766, 11777774, 11767916, 11773620, 11761282
11774705, 11775666, 11772938, 11772907, 11786516
11778735, 11772969, 11774147, 11778394, 11783137
11780688, 11766056, 11783726, 11777061, 11779851
11777216, 11770644, 11779634, 11778673, 11774767
11776472, 11781556, 11760507, 11765188, 11775635
11775232, 11784501, 11760042, 11774488, 11765095
11776038, 11769373, 11773620, 11774488, 11765839
11770861, 11770086, 11768939, 11777278, 11772194
11775759, 11778394, 11765839, 11768443, 11770923
11769900, 11770334, 11764661, 11781277, 11773186
11770024, 11767575, 11772318, 11775883, 11773558
11783013, 11772194, 11762398, 11770055, 11771698
11765963, 11775573, 11775666, 11779169, 11762987
11781959, 11761871, 11776999, 11771016, 11767513
11769373, 11776503, 11771140, 11782703, 11781215
11790949, 11767606, 11777960, 11766490, 11777929
11774116, 11770086, 11779076, 11782672, 11781432
11778239, 11767172, 11780781, 11778642, 11782517
11779324, 11767761, 11785431, 11769621, 11778797
11780750, 11770489, 11779913, 11777433, 11778766
11768443, 11771419, 11774364, 11778673, 11766459
11778332, 11772938, 11765963, 11774147, 11767978
11776813, 11773434, 11774891, 11773651, 11760569
11767203, 11774767, 11771264, 11775294, 11770830
11792127, 11765219, 11763080, 11765901, 11774829
11784098, 11765312, 11767327, 11766862, 11775759
11780626, 11763390, 11778425, 11778394, 11786547
11774426, 11784191, 11755950, 11779417, 11765374
11781680, 11774271, 11776069, 11774240, 11774674
11776100, 11769063, 11762305, 11785307, 11766583
11754803, 11774271, 11772628, 11786795, 11770861
11770582, 11778859, 11780254, 11777774, 11773465
11770582, 11772566, 11779851, 11769590, 11766769
11783292, 11770427, 11773124, 11769776, 11784315
11776627, 11771016, 11765188, 11775418, 11771109
11792220, 11769249, 11764382, 11764351, 11769156
11776224, 11779479, 11758027, 11782951, 11762677
11765126, 11777061, 11773403, 11777433, 11766335
11785431, 11780037, 11764196, 11752850, 11776844
11774550, 11778394, 11777216, 11766738, 11764258
11779014, 11765095, 11784315, 11781463, 11777464
11767544, 11775790, 11779169, 11770117, 11766738
11764599, 11780378, 11784594, 11775108, 11756477
11776875, 11771760, 11788190, 11771295, 11772814
11775511, 11773682, 11773434, 11771729, 11765002
11776565, 11775170, 11768381, 11771326, 11767916
11788252, 11758368, 11763514, 11766614, 11782610
11768195, 11775821, 11770210, 11786144, 11758988
