145950336000000.000000
140009472000000.000000
143353152000000.000000
140730048000000.000000
142276608000000.000000
144144576000000.000000
139610304000000.000000
143387712000000.000000
141754752000000.000000
140476032000000.000000
141141312000000.000000
140472576000000.000000
140863104000000.000000
139734720000000.000000
142397568000000.000000
138580416000000.000000
142076160000000.000000
146809152000000.000000
145741248000000.000000
139828032000000.000000
145440576000000.000000
136924992000000.000000
148464576000000.000000
137011392000000.000000
140431104000000.000000
142070976000000.000000
149630976000000.000000
143995968000000.000000
138322944000000.000000
142444224000000.000000
138457728000000.000000
142148736000000.000000
145176192000000.000000
147076992000000.000000
141476544000000.000000
139131648000000.000000
140102784000000.000000
139444416000000.000000
144294912000000.000000
143410176000000.000000
136850688000000.000000
148898304000000.000000
143045568000000.000000
140577984000000.000000
141896448000000.000000
139530816000000.000000
141035904000000.000000
146306304000000.000000
138528576000000.000000
147407040000000.000000
145406016000000.000000
143358336000000.000000
144255168000000.000000
140306688000000.000000
145808640000000.000000
144564480000000.000000
144866880000000.000000
142057152000000.000000
137918592000000.000000
144806400000000.000000
136157760000000.000000
138932928000000.000000
139423680000000.000000
146126592000000.000000
