402624000000.000000
412992000000.000000
433728000000.000000
411264000000.000000
385344000000.000000
387072000000.000000
388800000000.000000
406080000000.000000
414720000000.000000
419904000000.000000
383616000000.000000
451008000000.000000
393984000000.000000
371520000000.000000
392256000000.000000
383616000000.000000
376704000000.000000
392256000000.000000
392256000000.000000
412992000000.000000
385344000000.000000
399168000000.000000
374976000000.000000
426816000000.000000
393984000000.000000
407808000000.000000
366336000000.000000
400896000000.000000
397440000000.000000
412992000000.000000
392256000000.000000
423360000000.000000
412992000000.000000
385344000000.000000
355968000000.000000
442368000000.000000
350784000000.000000
407808000000.000000
395712000000.000000
378432000000.000000
419904000000.000000
402624000000.000000
361152000000.000000
378432000000.000000
390528000000.000000
371520000000.000000
362880000000.000000
454464000000.000000
383616000000.000000
345600000000.000000
362880000000.000000
402624000000.000000
381888000000.000000
459648000000.000000
376704000000.000000
355968000000.000000
418176000000.000000
371520000000.000000
369792000000.000000
392256000000.000000
373248000000.000000
376704000000.000000
378432000000.000000
362880000000.000000
