2429568000000.000000
2128896000000.000000
2246400000000.000000
2120256000000.000000
2156544000000.000000
1949184000000.000000
1926720000000.000000
1797120000000.000000
1905984000000.000000
1747008000000.000000
1700352000000.000000
1795392000000.000000
1805760000000.000000
1840320000000.000000
1736640000000.000000
2089152000000.000000
2023488000000.000000
1869696000000.000000
1717632000000.000000
1762560000000.000000
1847232000000.000000
1924992000000.000000
1778112000000.000000
1814400000000.000000
1738368000000.000000
1817856000000.000000
1741824000000.000000
1774656000000.000000
1975104000000.000000
2018304000000.000000
2016576000000.000000
1790208000000.000000
1900800000000.000000
1911168000000.000000
1945728000000.000000
1769472000000.000000
1836864000000.000000
1881792000000.000000
2002752000000.000000
1893888000000.000000
1892160000000.000000
2032128000000.000000
1907712000000.000000
1942272000000.000000
1969920000000.000000
1829952000000.000000
1840320000000.000000
1931904000000.000000
1902528000000.000000
1994112000000.000000
1947456000000.000000
1945728000000.000000
1950912000000.000000
1938816000000.000000
1861056000000.000000
1900800000000.000000
1857600000000.000000
1895616000000.000000
1873152000000.000000
1885248000000.000000
1880064000000.000000
1888704000000.000000
1878336000000.000000
1916352000000.000000
1909440000000.000000
2002752000000.000000
1881792000000.000000
1354752000000.000000
1304640000000.000000
1306368000000.000000
