2479680000000.000000
2056320000000.000000
2161728000000.000000
2132352000000.000000
2077056000000.000000
1938816000000.000000
1873152000000.000000
1928448000000.000000
1874880000000.000000
2001024000000.000000
1703808000000.000000
1810944000000.000000
1753920000000.000000
1807488000000.000000
1869696000000.000000
1999296000000.000000
1760832000000.000000
1843776000000.000000
1836864000000.000000
2061504000000.000000
1944000000000.000000
1764288000000.000000
1928448000000.000000
1816128000000.000000
1855872000000.000000
2035584000000.000000
1817856000000.000000
1880064000000.000000
1976832000000.000000
1950912000000.000000
1707264000000.000000
1848960000000.000000
1919808000000.000000
1978560000000.000000
1814400000000.000000
1933632000000.000000
2021760000000.000000
1957824000000.000000
1893888000000.000000
1963008000000.000000
2140992000000.000000
1942272000000.000000
1912896000000.000000
1890432000000.000000
2026944000000.000000
1883520000000.000000
2039040000000.000000
1892160000000.000000
1959552000000.000000
1930176000000.000000
1924992000000.000000
1930176000000.000000
1924992000000.000000
2094336000000.000000
1978560000000.000000
1909440000000.000000
2073600000000.000000
1983744000000.000000
1907712000000.000000
1850688000000.000000
1862784000000.000000
1840320000000.000000
1921536000000.000000
1916352000000.000000
1933632000000.000000
2142720000000.000000
1396224000000.000000
1387584000000.000000
1346112000000.000000
1335744000000.000000
1344384000000.000000
