428544000000.000000
407808000000.000000
409536000000.000000
395712000000.000000
425088000000.000000
438912000000.000000
433728000000.000000
383616000000.000000
385344000000.000000
412992000000.000000
418176000000.000000
407808000000.000000
421632000000.000000
435456000000.000000
397440000000.000000
406080000000.000000
407808000000.000000
400896000000.000000
406080000000.000000
371520000000.000000
400896000000.000000
364608000000.000000
438912000000.000000
425088000000.000000
432000000000.000000
404352000000.000000
452736000000.000000
397440000000.000000
425088000000.000000
419904000000.000000
397440000000.000000
366336000000.000000
383616000000.000000
423360000000.000000
378432000000.000000
374976000000.000000
369792000000.000000
373248000000.000000
414720000000.000000
399168000000.000000
387072000000.000000
426816000000.000000
397440000000.000000
368064000000.000000
399168000000.000000
368064000000.000000
392256000000.000000
454464000000.000000
395712000000.000000
397440000000.000000
373248000000.000000
369792000000.000000
368064000000.000000
412992000000.000000
395712000000.000000
369792000000.000000
399168000000.000000
380160000000.000000
388800000000.000000
418176000000.000000
432000000000.000000
369792000000.000000
366336000000.000000
433728000000.000000
