2612736000000.000000
2923776000000.000000
2422656000000.000000
2650752000000.000000
1178496000000.000000
1002240000000.000000
1206144000000.000000
978048000000.000000
1081728000000.000000
990144000000.000000
1209600000000.000000
1069632000000.000000
1164672000000.000000
1183680000000.000000
825984000000.000000
883008000000.000000
1064448000000.000000
917568000000.000000
1052352000000.000000
1012608000000.000000
1166400000000.000000
997056000000.000000
858816000000.000000
1102464000000.000000
1024704000000.000000
1147392000000.000000
1003968000000.000000
1152576000000.000000
