2108160000000.000000
2220480000000.000000
2199744000000.000000
2144448000000.000000
2166912000000.000000
2194560000000.000000
2185920000000.000000
2108160000000.000000
2217024000000.000000
2104704000000.000000
2123712000000.000000
2149632000000.000000
2172096000000.000000
2199744000000.000000
2040768000000.000000
2104704000000.000000
2173824000000.000000
2215296000000.000000
2118528000000.000000
2004480000000.000000
2047680000000.000000
2082240000000.000000
2032128000000.000000
2196288000000.000000
2165184000000.000000
1805760000000.000000
1790208000000.000000
1762560000000.000000
2642112000000.000000
1755648000000.000000
1714176000000.000000
1819584000000.000000
1683072000000.000000
1779840000000.000000
1762560000000.000000
1814400000000.000000
1759104000000.000000
1719360000000.000000
1658880000000.000000
1760832000000.000000
1734912000000.000000
1769472000000.000000
1729728000000.000000
1752192000000.000000
1645056000000.000000
1492992000000.000000
1456704000000.000000
1524096000000.000000
1527552000000.000000
1498176000000.000000
1551744000000.000000
1525824000000.000000
1525824000000.000000
1567296000000.000000
1515456000000.000000
1605312000000.000000
1517184000000.000000
1494720000000.000000
1503360000000.000000
1499904000000.000000
1541376000000.000000
1416960000000.000000
1503360000000.000000
1486080000000.000000
1581120000000.000000
1543104000000.000000
1525824000000.000000
1499904000000.000000
1527552000000.000000
1525824000000.000000
1581120000000.000000
1505088000000.000000
1468800000000.000000
1494720000000.000000
1463616000000.000000
1536192000000.000000
1482624000000.000000
1537920000000.000000
1534464000000.000000
1496448000000.000000
1513728000000.000000
1520640000000.000000
1512000000000.000000
1487808000000.000000
1541376000000.000000
1499904000000.000000
1482624000000.000000
1482624000000.000000
1501632000000.000000
1470528000000.000000
1539648000000.000000
1529280000000.000000
1453248000000.000000
1492992000000.000000
1460160000000.000000
1522368000000.000000
1479168000000.000000
1499904000000.000000
1510272000000.000000
1480896000000.000000
1525824000000.000000
1492992000000.000000
1525824000000.000000
1479168000000.000000
1494720000000.000000
1532736000000.000000
1575936000000.000000
1515456000000.000000
1558656000000.000000
1491264000000.000000
1513728000000.000000
1492992000000.000000
1513728000000.000000
1515456000000.000000
1499904000000.000000
1477440000000.000000
1518912000000.000000
1491264000000.000000
1594944000000.000000
1555200000000.000000
1536192000000.000000
1524096000000.000000
1508544000000.000000
1475712000000.000000
1465344000000.000000
1532736000000.000000
1527552000000.000000
1506816000000.000000
1449792000000.000000
1591488000000.000000
1508544000000.000000
1518912000000.000000
1565568000000.000000
1579392000000.000000
1499904000000.000000
1532736000000.000000
1532736000000.000000
1498176000000.000000
1529280000000.000000
1501632000000.000000
1546560000000.000000
1529280000000.000000
1534464000000.000000
1501632000000.000000
1541376000000.000000
1601856000000.000000
2414016000000.000000
1537920000000.000000
1515456000000.000000
1468800000000.000000
1524096000000.000000
1520640000000.000000
1520640000000.000000
1582848000000.000000
1480896000000.000000
1515456000000.000000
1579392000000.000000
1527552000000.000000
1489536000000.000000
1553472000000.000000
1520640000000.000000
2436480000000.000000
1543104000000.000000
1489536000000.000000
1607040000000.000000
1584576000000.000000
1532736000000.000000
1518912000000.000000
1658880000000.000000
1472256000000.000000
1572480000000.000000
1546560000000.000000
1492992000000.000000
1506816000000.000000
1745280000000.000000
1520640000000.000000
1491264000000.000000
1494720000000.000000
1518912000000.000000
1536192000000.000000
1676160000000.000000
1544832000000.000000
1562112000000.000000
1517184000000.000000
1527552000000.000000
1467072000000.000000
1543104000000.000000
1527552000000.000000
1613952000000.000000
1558656000000.000000
1508544000000.000000
2479680000000.000000
1492992000000.000000
1539648000000.000000
1605312000000.000000
1534464000000.000000
1531008000000.000000
1677888000000.000000
1489536000000.000000
1551744000000.000000
1605312000000.000000
1567296000000.000000
1491264000000.000000
1570752000000.000000
1544832000000.000000
1562112000000.000000
1710720000000.000000
2422656000000.000000
1524096000000.000000
1536192000000.000000
1505088000000.000000
1541376000000.000000
1529280000000.000000
1505088000000.000000
1596672000000.000000
2704320000000.000000
1617408000000.000000
1496448000000.000000
1669248000000.000000
1534464000000.000000
1531008000000.000000
2730240000000.000000
1672704000000.000000
1492992000000.000000
1532736000000.000000
1496448000000.000000
1646784000000.000000
1473984000000.000000
1544832000000.000000
1525824000000.000000
1501632000000.000000
1510272000000.000000
1520640000000.000000
1505088000000.000000
1529280000000.000000
1518912000000.000000
2692224000000.000000
1539648000000.000000
1506816000000.000000
1477440000000.000000
1700352000000.000000
1539648000000.000000
1563840000000.000000
1724544000000.000000
2471040000000.000000
2882304000000.000000
1553472000000.000000
2458944000000.000000
1532736000000.000000
1461888000000.000000
1622592000000.000000
1463616000000.000000
2977344000000.000000
1446336000000.000000
1517184000000.000000
2524608000000.000000
1619136000000.000000
1456704000000.000000
1527552000000.000000
1492992000000.000000
2524608000000.000000
1539648000000.000000
1537920000000.000000
1612224000000.000000
1531008000000.000000
1543104000000.000000
1558656000000.000000
2737152000000.000000
2678400000000.000000
1548288000000.000000
