4914432000000.000000
5266944000000.000000
5075136000000.000000
4885056000000.000000
5092416000000.000000
5030208000000.000000
5106240000000.000000
5406912000000.000000
5085504000000.000000
5344704000000.000000
4840128000000.000000
4917888000000.000000
4988736000000.000000
5154624000000.000000
5438016000000.000000
5211648000000.000000
4971456000000.000000
4812480000000.000000
4902336000000.000000
5080320000000.000000
4990464000000.000000
5000832000000.000000
5166720000000.000000
5215104000000.000000
4836672000000.000000
5114880000000.000000
5042304000000.000000
5109696000000.000000
5111424000000.000000
5102784000000.000000
4682880000000.000000
5147712000000.000000
5441472000000.000000
5303232000000.000000
5322240000000.000000
5166720000000.000000
4919616000000.000000
5059584000000.000000
5261760000000.000000
5213376000000.000000
5066496000000.000000
4980096000000.000000
5557248000000.000000
5403456000000.000000
5192640000000.000000
5401728000000.000000
5142528000000.000000
4959360000000.000000
5073408000000.000000
5405184000000.000000
5351616000000.000000
5375808000000.000000
5439744000000.000000
5227200000000.000000
5182272000000.000000
5208192000000.000000
5330880000000.000000
5453568000000.000000
5284224000000.000000
5007744000000.000000
5372352000000.000000
5218560000000.000000
5408640000000.000000
5266944000000.000000
